python/snxform/etc/exposures-fuji-sv3.ecsv
# %ECSV 1.0
# ---
# datatype:
# - {name: NIGHT, datatype: int64}
# - {name: EXPID, datatype: int64}
# - {name: TILEID, datatype: int64}
# - {name: TILERA, datatype: float64}
# - {name: TILEDEC, datatype: float64}
# - {name: MJD, datatype: float64}
# - {name: SURVEY, datatype: string}
# - {name: PROGRAM, datatype: string}
# - {name: FAPRGRM, datatype: string}
# - {name: FAFLAVOR, datatype: string}
# - {name: EXPTIME, datatype: float64}
# - {name: EFFTIME_SPEC, datatype: float64}
# - {name: GOALTIME, datatype: float64}
# - {name: GOALTYPE, datatype: string}
# - {name: MINTFRAC, datatype: float64}
# - {name: AIRMASS, datatype: float64}
# - {name: EBV, datatype: float64}
# - {name: SEEING_ETC, datatype: float64}
# - {name: EFFTIME_ETC, datatype: float64}
# - {name: TSNR2_ELG, datatype: float64}
# - {name: TSNR2_QSO, datatype: float64}
# - {name: TSNR2_LRG, datatype: float64}
# - {name: TSNR2_LYA, datatype: float64}
# - {name: TSNR2_BGS, datatype: float64}
# - {name: TSNR2_GPBDARK, datatype: float64}
# - {name: TSNR2_GPBBRIGHT, datatype: float64}
# - {name: TSNR2_GPBBACKUP, datatype: float64}
# - {name: LRG_EFFTIME_DARK, datatype: float64}
# - {name: ELG_EFFTIME_DARK, datatype: float64}
# - {name: BGS_EFFTIME_BRIGHT, datatype: float64}
# - {name: LYA_EFFTIME_DARK, datatype: float64}
# - {name: GPB_EFFTIME_DARK, datatype: float64}
# - {name: GPB_EFFTIME_BRIGHT, datatype: float64}
# - {name: GPB_EFFTIME_BACKUP, datatype: float64}
# - {name: TRANSPARENCY_GFA, datatype: float64}
# - {name: SEEING_GFA, datatype: float64}
# - {name: FIBER_FRACFLUX_GFA, datatype: float64}
# - {name: FIBER_FRACFLUX_ELG_GFA, datatype: float64}
# - {name: FIBER_FRACFLUX_BGS_GFA, datatype: float64}
# - {name: FIBERFAC_GFA, datatype: float64}
# - {name: FIBERFAC_ELG_GFA, datatype: float64}
# - {name: FIBERFAC_BGS_GFA, datatype: float64}
# - {name: AIRMASS_GFA, datatype: float64}
# - {name: SKY_MAG_AB_GFA, datatype: float64}
# - {name: SKY_MAG_G_SPEC, datatype: float64}
# - {name: SKY_MAG_R_SPEC, datatype: float64}
# - {name: SKY_MAG_Z_SPEC, datatype: float64}
# - {name: EFFTIME_GFA, datatype: float64}
# - {name: EFFTIME_DARK_GFA, datatype: float64}
# - {name: EFFTIME_BRIGHT_GFA, datatype: float64}
# - {name: EFFTIME_BACKUP_GFA, datatype: float64}
# - {name: SKYRA, datatype: float64}
# - {name: SKYDEC, datatype: float64}
# - {name: MOON_ILLUMINATION, datatype: float64}
# - {name: MOON_ZD_DEG, datatype: float64}
# - {name: MOON_SEP_DEG, datatype: float64}
# - {name: FWHM_ASEC, datatype: float64}
# - {name: TRANSPARENCY, datatype: float64}
# - {name: SKY_MAG_AB, datatype: float64}
# - {name: FIBER_FRACFLUX, datatype: float64}
# - {name: FIBER_FRACFLUX_ELG, datatype: float64}
# - {name: FIBER_FRACFLUX_BGS, datatype: float64}
# schema: astropy-2.0
NIGHT EXPID TILEID TILERA TILEDEC MJD SURVEY PROGRAM FAPRGRM FAFLAVOR EXPTIME EFFTIME_SPEC GOALTIME GOALTYPE MINTFRAC AIRMASS EBV SEEING_ETC EFFTIME_ETC TSNR2_ELG TSNR2_QSO TSNR2_LRG TSNR2_LYA TSNR2_BGS TSNR2_GPBDARK TSNR2_GPBBRIGHT TSNR2_GPBBACKUP LRG_EFFTIME_DARK ELG_EFFTIME_DARK BGS_EFFTIME_BRIGHT LYA_EFFTIME_DARK GPB_EFFTIME_DARK GPB_EFFTIME_BRIGHT GPB_EFFTIME_BACKUP TRANSPARENCY_GFA SEEING_GFA FIBER_FRACFLUX_GFA FIBER_FRACFLUX_ELG_GFA FIBER_FRACFLUX_BGS_GFA FIBERFAC_GFA FIBERFAC_ELG_GFA FIBERFAC_BGS_GFA AIRMASS_GFA SKY_MAG_AB_GFA SKY_MAG_G_SPEC SKY_MAG_R_SPEC SKY_MAG_Z_SPEC EFFTIME_GFA EFFTIME_DARK_GFA EFFTIME_BRIGHT_GFA EFFTIME_BACKUP_GFA SKYRA SKYDEC MOON_ILLUMINATION MOON_ZD_DEG MOON_SEP_DEG FWHM_ASEC TRANSPARENCY SKY_MAG_AB FIBER_FRACFLUX FIBER_FRACFLUX_ELG FIBER_FRACFLUX_BGS
[from data line 95]
20210409 84089 3 150.212 2.226 59314.16629943 sv3 dark dark sv3dark 951.5 1408.9 1200.0 dark 0.9 1.153 0.021 0.959 1404.7 163.8 40.7 112.4 135.7 9531.3 16197.6 2788.1 15372.4 1385.3 1408.9 1334.4 1551.8 1402.2 1464.4 1126.6 1.076 0.865 0.683 0.48 0.216 1.217 1.17 1.145 1.152 21.148 22.134 21.233 19.416 1289.0 1289.0 1194.6 1293.3 150.212758 2.22028 0.03691543142014655 139.91239202666213 148.91179058685083 0.8647635281180133 1.0765658131431743 21.148214430744986 0.6824895823255144 0.47926043243823285 0.21621989206463388
20210409 84090 83 189.683 61.738 59314.18157427 sv3 dark dark sv3dark 801.7 1275.8 1200.0 dark 0.9 1.272 0.013 0.791 1414.6 148.3 36.8 102.5 111.3 8582.5 14576.0 2509.1 13717.8 1263.6 1275.8 1201.6 1273.1 1261.8 1317.9 1005.4 1.095 0.823 0.714 0.501 0.225 1.242 1.19 1.161 1.261 21.12 22.253 21.312 19.399 1145.9 1145.9 1051.1 1147.5 189.698372 61.74255 0.03639138484170622 143.1904467755508 124.41646614574883 0.822652545138601 1.0968897782866103 21.11966644486688 0.7130548292681045 0.49988810783045134 0.22461203225383908
20210409 84091 57 183.218 -0.023 59314.19499707 sv3 dark dark sv3dark 647.6 429.0 1200.0 dark 0.9 1.311 0.022 1.0 492.2 49.9 12.2 33.5 34.1 3016.6 4649.8 860.2 5598.0 413.4 429.0 422.3 389.7 402.5 451.8 410.3 1.114 1.141 0.49 0.36 0.167 0.938 0.935 0.94 1.297 20.981 21.987 21.072 19.206 439.2 439.2 454.5 469.9 183.223642 -0.03064 0.03593857215046985 145.7804950522922 173.29208476084563 1.1406665646169962 1.113988608949847 20.981166977425115 0.49205585017432607 0.3611067307710618 0.16785478018034694
20210409 84092 57 183.218 -0.023 59314.20355781 sv3 dark dark sv3dark 845.8 760.6 1200.0 dark 0.9 1.279 0.022 1.0 916.8 88.4 21.9 59.7 70.7 5282.0 8472.2 1529.8 9421.6 735.7 760.6 739.5 808.4 733.4 803.5 690.5 1.162 1.059 0.533 0.385 0.177 1.058 1.039 1.032 1.264 21.012 22.004 21.084 19.201 768.5 768.5 764.1 811.2 183.223642 -0.03064 0.0355890301281289 147.68431335997212 173.29208016715472 1.059460267259534 1.1602115586199004 21.01151576879569 0.5319089251750302 0.3839426606522094 0.17677989143529482
20210409 84093 111 194.875 28.153 59314.21650402 sv3 dark dark sv3dark 866.3 1252.9 1200.0 dark 0.9 1.113 0.01 1.009 1408.8 145.7 36.1 99.2 118.8 8435.0 14248.5 2459.6 13747.3 1222.7 1252.9 1180.9 1359.1 1233.5 1291.9 1007.5 1.19 0.953 0.58 0.415 0.19 1.132 1.099 1.084 1.099 21.137 22.27 21.326 19.372 1139.2 1139.2 1058.9 1090.4 194.880421 28.15165 0.03512275646360388 149.66604656687423 154.76945335094092 0.9530518684745002 1.1907873437124625 21.13654105160456 0.5798233350182583 0.4147152846300912 0.18942778003598662
20210409 84094 138 210.095 4.926 59314.22974381 sv3 dark dark sv3dark 921.1 655.5 1200.0 dark 0.9 1.448 0.032 1.255 632.4 76.2 18.7 51.2 55.2 4520.5 7230.7 1316.7 8356.1 630.9 655.5 632.9 631.2 625.9 691.6 612.4 1.037 1.185 0.512 0.378 0.176 0.895 0.902 0.91 1.413 20.968 21.987 21.03 19.057 573.8 573.8 590.4 581.1 210.104371 4.91814 0.034641234511517904 151.29942119670022 151.6977623773127 1.1848374050584787 1.0384970883191724 20.967735181073497 0.5114682578936869 0.3779483935310639 0.17622454760495837
20210409 84095 138 210.095 4.926 59314.24152467 sv3 dark dark sv3dark 889.4 823.9 1200.0 dark 0.9 1.371 0.032 1.255 773.0 95.8 23.6 64.3 76.0 5632.8 9175.3 1642.8 10029.4 792.6 823.9 788.6 869.7 794.3 862.9 735.0 1.056 1.028 0.583 0.419 0.192 1.031 1.017 1.013 1.344 20.972 22.016 21.056 19.074 723.9 723.9 724.4 760.1 210.104371 4.91814 0.03423238379197188 152.2829564230199 151.69779195042392 1.0276360614909659 1.056300067421942 20.972080882094858 0.5832113911862911 0.41869718926414645 0.1924911348674402
20210409 84096 165 215.642 52.417 59314.25562989 sv3 dark dark sv3dark 839.1 1324.4 1200.0 dark 0.9 1.197 0.011 0.841 1415.3 154.0 37.6 104.1 117.9 8710.3 14862.8 2550.1 14060.9 1283.6 1324.4 1219.4 1348.9 1286.6 1339.4 1030.5 1.089 0.859 0.673 0.476 0.215 1.206 1.16 1.135 1.184 21.079 22.318 21.255 19.133 1133.6 1133.6 1056.2 1150.0 215.652621 52.41959 0.03374814703795098 152.6130323586689 125.95854381158014 0.8594290141970902 1.0943917288663223 21.079481537071096 0.6689701518528649 0.4724150544109588 0.21360419564472738
20210409 84097 219 216.386 -0.684 59314.26928672 sv3 dark dark sv3dark 928.7 655.9 1200.0 dark 0.9 1.406 0.047 1.058 694.0 76.3 18.6 50.7 57.1 4494.6 7142.9 1298.7 8204.2 625.5 655.9 629.2 653.6 618.3 682.1 601.3 1.074 1.135 0.535 0.39 0.181 0.947 0.949 0.953 1.379 20.943 21.996 21.017 19.007 603.1 603.1 616.3 620.9 216.393542 -0.6926 0.0332554760165789 152.27238358956743 145.17591824358018 1.1345989342056497 1.0744514029972467 20.943031774837557 0.5351334376266645 0.39031824612098887 0.18069647605532801
20210409 84098 219 216.386 -0.684 59314.281227 sv3 dark dark sv3dark 944.7 669.9 1200.0 dark 0.9 1.346 0.047 1.058 709.5 77.9 18.8 51.3 56.0 4523.9 7122.8 1294.3 8162.1 632.0 669.9 633.4 640.4 616.6 679.8 598.2 1.058 1.169 0.524 0.385 0.179 0.91 0.917 0.925 1.323 20.97 22.012 21.07 19.097 604.9 604.9 617.1 600.8 216.393542 -0.6926 0.032840180955923115 151.40859708653224 145.1759123481554 1.1693911431196962 1.0580069602445843 20.9701389532517 0.5240983923466574 0.3844839442815271 0.17851790644916615
20210409 84108 274 217.995 2.537 59314.29854082 sv3 dark dark sv3dark 690.2 524.3 1200.0 dark 0.9 1.247 0.038 1.165 558.1 61.0 14.7 41.1 41.0 3631.2 5585.3 1032.0 6429.4 506.2 524.3 508.4 468.5 483.5 542.0 471.2 1.061 1.117 0.551 0.4 0.185 0.968 0.963 0.965 1.235 21.034 22.062 21.177 19.249 514.9 514.9 518.3 525.2 217.999642 2.53044 0.032296697243429436 149.46239712979764 144.40630756372445 1.1175091267276835 1.062353509642524 21.03430136139124 0.5516301820428728 0.40073306463109387 0.18494504352449265
20210409 84109 274 217.995 2.537 59314.30766637 sv3 dark dark sv3dark 833.7 861.7 1200.0 dark 0.9 1.22 0.038 1.165 845.8 100.2 24.7 68.3 79.0 5950.8 9587.7 1725.8 10135.7 841.8 861.7 833.1 903.4 830.0 906.4 742.8 1.076 0.997 0.636 0.451 0.205 1.105 1.075 1.062 1.208 21.068 22.076 21.184 19.24 823.8 823.8 795.3 847.4 217.999642 2.53044 0.031957884962068875 147.8767064269286 144.4063060420736 0.9968237513112586 1.0780276419567811 21.068432206434053 0.6363462669752087 0.4517025263717568 0.20570157077503487
20210409 84110 192 217.901 34.314 59314.32163567 sv3 dark dark sv3dark 768.8 1221.2 1200.0 dark 0.9 1.025 0.008 1.017 1406.7 142.0 35.0 96.7 110.7 8155.1 13866.3 2380.8 12892.6 1192.6 1221.2 1141.7 1266.8 1200.4 1250.5 944.9 1.098 0.889 0.658 0.464 0.21 1.198 1.153 1.131 1.02 21.35 22.387 21.469 19.466 1208.2 1208.2 1089.2 1125.0 217.90358 34.314201 0.03149769834368971 145.34266589543364 136.58580468158928 0.8886919095371285 1.0942779228705515 21.34981272573766 0.6608163149408398 0.4654115087345789 0.21050144512310426
20210409 84111 247 219.748 -0.492 59314.33404432 sv3 dark dark sv3dark 1079.4 1317.1 1200.0 dark 0.9 1.213 0.044 1.02 1407.7 153.2 38.6 103.9 143.0 8972.2 15107.6 2638.3 15020.1 1280.6 1317.1 1256.1 1635.6 1307.8 1385.7 1100.8 1.049 0.904 0.679 0.478 0.216 1.192 1.149 1.127 1.204 21.183 22.089 21.162 19.201 1239.2 1239.2 1165.9 1260.3 219.750508 -0.49878 0.03102160902231074 142.30669168537128 142.66643208577742 0.904356214211766 1.0511917793306145 21.18297826549214 0.6780983031251411 0.47741961326693494 0.21605682995384634
20210409 84112 328 241.037 43.57 59314.35040048 sv3 dark dark sv3dark 725.2 1228.2 1200.0 dark 0.9 1.1 0.013 0.825 1423.0 142.8 35.6 98.7 117.2 8315.8 14576.7 2470.5 13229.1 1216.6 1228.2 1164.2 1341.3 1261.9 1297.6 969.6 1.093 0.826 0.702 0.491 0.221 1.262 1.207 1.177 1.091 21.395 22.418 21.447 19.382 1166.4 1166.4 1049.2 1126.6 241.043079 43.57137 0.030545071862007007 138.95393616025274 116.26545670677041 0.8264818467143757 1.0924055700022373 21.394557516146147 0.7016376302153661 0.49106590740940725 0.22105333753607903
20210409 84113 301 242.74 55.1 59314.36165606 sv3 dark dark sv3dark 761.7 1205.9 1200.0 dark 0.9 1.145 0.01 0.946 1419.3 140.2 34.6 95.7 101.9 8009.9 13761.6 2348.9 12784.1 1179.3 1205.9 1121.4 1165.8 1191.3 1233.7 936.9 1.08 0.886 0.657 0.464 0.21 1.191 1.146 1.123 1.138 21.521 22.423 21.487 19.472 1157.1 1157.1 1038.5 1072.0 242.747529 55.10367 0.030166659016670372 136.0910315326369 111.07482963762764 0.8855770725624977 1.0798598874849248 21.52096322394317 0.6571983442947209 0.46417374374198417 0.21020204590362998
20210409 84114 355 245.881 43.57 59314.37318394 sv3 dark dark sv3dark 781.9 1074.8 1200.0 dark 0.9 1.081 0.01 1.012 1413.3 125.0 30.4 84.4 82.4 7114.6 11947.0 2060.8 11478.3 1040.8 1074.8 996.0 943.2 1034.2 1082.4 841.2 1.052 1.016 0.612 0.438 0.2 1.051 1.031 1.029 1.073 21.667 22.451 21.53 19.53 1006.2 1006.2 928.2 877.8 245.88613 43.57149 0.029783806793565192 133.0528519462033 112.94032252208012 1.0160398773618635 1.0524705955971259 21.66674406142409 0.6116112170913497 0.4375700826600888 0.20006408053330302
20210409 84115 382 252.518 34.619 59314.38495276 sv3 dark dark sv3dark 997.3 1259.4 1200.0 dark 0.9 1.082 0.024 1.175 1411.6 146.4 35.4 98.5 104.9 8301.1 13781.1 2388.8 13100.5 1213.7 1259.4 1162.2 1200.3 1193.0 1254.7 960.1 1.019 1.103 0.571 0.414 0.191 0.996 0.987 0.985 1.069 21.731 22.431 21.559 19.61 1219.4 1219.4 1101.1 985.1 252.522929 34.61891 0.02935740360848159 129.51790649623743 109.71592413134547 1.1030616772016955 1.0192532413797766 21.731495543949038 0.5715102492787337 0.41393226370748115 0.1907256755044613
20210409 84116 409 269.852 66.129 59314.39992874 sv3 dark dark sv3dark 1050.2 1224.3 1200.0 dark 0.9 1.329 0.041 0.981 1410.7 142.4 33.3 95.6 89.5 8029.4 13256.3 2313.1 12628.8 1178.6 1224.3 1124.1 1024.4 1147.6 1214.9 925.6 1.033 1.044 0.606 0.435 0.199 1.032 1.017 1.012 1.316 21.544 22.291 21.407 19.477 1108.6 1108.6 1023.7 963.8 269.871571 66.13456 0.028864568697026936 125.27972089491772 95.333577432027 1.044080767254738 1.0328237536159492 21.543581055442825 0.606506456729565 0.4348862841940315 0.19925294615643246
20210409 84121 363 246.031 43.499 59314.48568725 sv3 bright bright sv3bright 236.6 222.4 220.0 bright 0.9 1.046 0.01 0.9 255.3 25.9 6.1 17.4 13.4 1588.7 2303.3 431.5 2753.0 214.5 222.9 222.4 153.5 199.4 226.7 201.8 1.068 0.892 0.688 0.484 0.219 1.179 1.135 1.114 1.048 21.855 22.327 21.562 19.687 223.8 214.4 223.8 282.9 246.02813 43.500691 0.026315373479148304 101.5617009682308 113.32792625991618 0.891957244781564 1.0688192966416472 21.855465645773663 0.688077660990493 0.4838110943081764 0.218770101384167
20210409 84122 390 252.639 34.536 59314.49117516 sv3 bright bright sv3bright 249.8 209.3 220.0 bright 0.9 1.015 0.024 0.908 249.9 24.9 5.9 16.4 12.6 1494.8 2142.5 401.4 2607.2 201.8 214.4 209.3 144.5 185.5 210.8 191.1 1.03 0.934 0.662 0.468 0.212 1.134 1.1 1.085 1.017 21.742 22.098 21.475 19.64 211.9 202.1 211.9 260.9 252.637371 34.53632 0.026144276219691228 99.89038847934852 110.29255400452014 0.9344358003175461 1.0314121757813803 21.742344624602318 0.6620982667904493 0.4676065629844105 0.21221771927099237
20210409 84123 417 270.025 66.02 59314.49735069 sv3 bright bright sv3bright 285.9 209.8 220.0 bright 0.9 1.208 0.042 1.0 244.1 25.6 5.9 16.3 10.8 1498.6 2148.1 406.4 2747.2 201.1 219.9 209.8 123.0 186.0 213.5 201.3 1.046 0.894 0.698 0.489 0.221 1.198 1.153 1.132 1.208 21.083 20.975 20.939 19.486 207.1 192.4 207.1 279.0 270.027172 66.026951 0.025949749874574872 97.98280334878966 95.26732360781098 0.8944468417737605 1.0462445469337027 21.0833178993664 0.6976032784122523 0.48935789654736717 0.22117124686839854
20210409 84124 310 242.556 55.024 59314.5039352 sv3 bright bright sv3bright 378.3 179.5 220.0 bright 0.9 1.149 0.01 0.822 243.2 22.9 5.1 13.2 10.5 1282.2 1876.2 366.4 2785.8 163.3 197.1 179.5 119.8 162.4 192.4 204.2 1.095 0.824 0.734 0.512 0.23 1.277 1.221 1.191 1.153 19.793 19.327 19.749 19.028 197.0 162.5 197.0 351.3 242.548892 55.0277 0.02573339326326015 95.84384431549353 111.43603571734657 0.8239543653827308 1.0953945334744253 19.792532614265134 0.7327937932791653 0.5112180380835516 0.22940010962606358
20210410 84215 4 149.98 2.171 59315.14688542 sv3 dark dark sv3dark 1065.1 1419.2 1200.0 dark 0.9 1.166 0.022 0.962 1415.1 165.0 41.6 112.4 142.4 9566.9 16159.2 2779.2 15837.4 1385.6 1419.2 1339.4 1629.6 1398.9 1459.7 1160.7 1.053 0.936 0.657 0.465 0.211 1.103 1.066 1.052 1.161 21.125 22.142 21.255 19.578 1240.9 1240.9 1156.1 1198.4 149.981708 2.16514 0.010016532893820412 124.26634622867942 138.12578583538436 0.9355417215098429 1.054035204087482 21.125042074167673 0.6581818812393079 0.4654229334787798 0.21118317922296295
20210410 84217 30 179.719 -0.016 59315.18047504 sv3 dark dark sv3dark 933.5 355.0 1200.0 dark 0.9 1.319 0.024 0.996 350.9 41.3 10.5 28.6 39.3 2629.8 4095.9 770.5 5339.6 352.4 355.0 368.2 449.1 354.6 404.7 391.3 0.611 0.883 0.68 0.478 0.216 0.678 0.653 0.641 1.299 20.931 21.883 21.01 19.474 318.6 318.6 310.1 355.3 179.72475 -0.02368 0.009427417525519231 132.5660960059411 167.43026679161179 0.8834660932085574 0.6094516723165969 20.931320518794905 0.6816908376941766 0.47901445095473527 0.21669753047696233
20210410 84218 30 179.719 -0.016 59315.19243166 sv3 dark dark sv3dark 678.2 397.4 1200.0 dark 0.9 1.275 0.024 0.996 436.0 46.2 11.6 31.8 38.4 2885.7 4517.7 836.6 5524.2 391.8 397.4 404.0 438.8 391.1 439.4 404.9 0.792 0.912 0.67 0.471 0.213 0.871 0.836 0.821 1.263 21.012 21.933 21.081 19.47 373.9 373.9 366.9 426.6 179.72475 -0.02368 0.009244505968585427 135.1085969648315 167.43024906309566 0.9113064078151312 0.7926335275498562 21.0122765590058 0.6694860106608831 0.470903811876907 0.213231780652492
20210410 84219 30 179.719 -0.016 59315.20136339 sv3 dark dark sv3dark 816.9 609.3 1200.0 dark 0.9 1.248 0.024 0.996 625.7 70.9 17.9 48.8 64.7 4380.4 7021.9 1276.9 8087.3 601.3 609.3 613.3 740.2 607.9 670.7 592.7 0.833 0.89 0.689 0.483 0.218 0.956 0.915 0.894 1.236 21.043 21.949 21.102 19.466 577.2 577.2 553.2 638.6 179.72475 -0.02368 0.00907544361133583 137.3564062355134 167.43024784061706 0.890020126665126 0.8312902876482635 21.04279132973047 0.6913377050610716 0.48458716280154135 0.21887375731616382
20210410 84220 41 179.719 -0.016 59315.21296996 sv3 bright bright sv3bright 341.1 234.7 220.0 bright 0.9 1.22 0.024 0.809 248.5 26.8 6.6 18.2 17.3 1676.1 2498.5 469.9 3145.2 224.6 230.4 234.7 198.1 216.3 246.8 230.5 0.935 0.908 0.669 0.471 0.213 1.042 1.002 0.984 1.217 21.027 21.983 21.135 19.42 229.0 221.7 229.0 287.7 179.721929 -0.02274 0.008924131708436762 138.9258761629754 167.09907340566906 0.907941964614732 0.9367084201429878 21.027222942254383 0.6684552305412874 0.4704916506911513 0.21306502635550073
20210410 84221 84 190.141 61.763 59315.22105922 sv3 dark dark sv3dark 855.5 1278.8 1200.0 dark 0.9 1.194 0.012 0.865 1405.2 148.7 37.5 103.2 126.0 8699.8 14893.8 2548.7 14177.0 1272.6 1278.8 1218.0 1441.3 1289.3 1338.7 1039.0 1.036 0.8 0.658 0.463 0.209 1.179 1.124 1.091 1.188 21.189 22.282 21.35 19.53 1159.7 1159.7 1041.5 1142.1 190.149971 61.76833 0.008736883965396144 141.04420195506802 119.27241716114108 0.8001701199738236 1.037955729810405 21.188712345768767 0.657896418897886 0.46296040089477 0.20864374336801206
20210410 84222 112 194.645 28.276 59315.2344042 sv3 dark dark sv3dark 1033.5 1202.3 1200.0 dark 0.9 1.061 0.01 0.857 1405.5 139.8 36.5 98.6 160.5 8527.7 15066.5 2619.7 15040.9 1215.3 1202.3 1193.9 1836.3 1304.3 1376.0 1102.3 1.0 0.843 0.698 0.49 0.22 1.111 1.062 1.035 1.05 21.334 22.213 21.296 19.365 1311.7 1311.7 1182.7 1271.9 194.648792 28.275041 0.008495823615604926 143.4161399963523 152.67767568529183 0.8429911124031857 1.0019842620968011 21.33404910740181 0.707630681808898 0.49474925293889577 0.22221559384683004
