python/snxform/etc/exposures-fuji-sv3.ecsv
# %ECSV 1.0
# ---
# datatype:
# - {name: NIGHT, datatype: int64}
# - {name: EXPID, datatype: int64}
# - {name: TILEID, datatype: int64}
# - {name: TILERA, datatype: float64}
# - {name: TILEDEC, datatype: float64}
# - {name: MJD, datatype: float64}
# - {name: SURVEY, datatype: string}
# - {name: PROGRAM, datatype: string}
# - {name: FAPRGRM, datatype: string}
# - {name: FAFLAVOR, datatype: string}
# - {name: EXPTIME, datatype: float64}
# - {name: EFFTIME_SPEC, datatype: float64}
# - {name: GOALTIME, datatype: float64}
# - {name: GOALTYPE, datatype: string}
# - {name: MINTFRAC, datatype: float64}
# - {name: AIRMASS, datatype: float64}
# - {name: EBV, datatype: float64}
# - {name: SEEING_ETC, datatype: float64}
# - {name: EFFTIME_ETC, datatype: float64}
# - {name: TSNR2_ELG, datatype: float64}
# - {name: TSNR2_QSO, datatype: float64}
# - {name: TSNR2_LRG, datatype: float64}
# - {name: TSNR2_LYA, datatype: float64}
# - {name: TSNR2_BGS, datatype: float64}
# - {name: TSNR2_GPBDARK, datatype: float64}
# - {name: TSNR2_GPBBRIGHT, datatype: float64}
# - {name: TSNR2_GPBBACKUP, datatype: float64}
# - {name: LRG_EFFTIME_DARK, datatype: float64}
# - {name: ELG_EFFTIME_DARK, datatype: float64}
# - {name: BGS_EFFTIME_BRIGHT, datatype: float64}
# - {name: LYA_EFFTIME_DARK, datatype: float64}
# - {name: GPB_EFFTIME_DARK, datatype: float64}
# - {name: GPB_EFFTIME_BRIGHT, datatype: float64}
# - {name: GPB_EFFTIME_BACKUP, datatype: float64}
# - {name: TRANSPARENCY_GFA, datatype: float64}
# - {name: SEEING_GFA, datatype: float64}
# - {name: FIBER_FRACFLUX_GFA, datatype: float64}
# - {name: FIBER_FRACFLUX_ELG_GFA, datatype: float64}
# - {name: FIBER_FRACFLUX_BGS_GFA, datatype: float64}
# - {name: FIBERFAC_GFA, datatype: float64}
# - {name: FIBERFAC_ELG_GFA, datatype: float64}
# - {name: FIBERFAC_BGS_GFA, datatype: float64}
# - {name: AIRMASS_GFA, datatype: float64}
# - {name: SKY_MAG_AB_GFA, datatype: float64}
# - {name: SKY_MAG_G_SPEC, datatype: float64}
# - {name: SKY_MAG_R_SPEC, datatype: float64}
# - {name: SKY_MAG_Z_SPEC, datatype: float64}
# - {name: EFFTIME_GFA, datatype: float64}
# - {name: EFFTIME_DARK_GFA, datatype: float64}
# - {name: EFFTIME_BRIGHT_GFA, datatype: float64}
# - {name: EFFTIME_BACKUP_GFA, datatype: float64}
# - {name: SKYRA, datatype: float64}
# - {name: SKYDEC, datatype: float64}
# - {name: MOON_ILLUMINATION, datatype: float64}
# - {name: MOON_ZD_DEG, datatype: float64}
# - {name: MOON_SEP_DEG, datatype: float64}
# - {name: FWHM_ASEC, datatype: float64}
# - {name: TRANSPARENCY, datatype: float64}
# - {name: SKY_MAG_AB, datatype: float64}
# - {name: FIBER_FRACFLUX, datatype: float64}
# - {name: FIBER_FRACFLUX_ELG, datatype: float64}
# - {name: FIBER_FRACFLUX_BGS, datatype: float64}
# schema: astropy-2.0
NIGHT EXPID TILEID TILERA TILEDEC MJD SURVEY PROGRAM FAPRGRM FAFLAVOR EXPTIME EFFTIME_SPEC GOALTIME GOALTYPE MINTFRAC AIRMASS EBV SEEING_ETC EFFTIME_ETC TSNR2_ELG TSNR2_QSO TSNR2_LRG TSNR2_LYA TSNR2_BGS TSNR2_GPBDARK TSNR2_GPBBRIGHT TSNR2_GPBBACKUP LRG_EFFTIME_DARK ELG_EFFTIME_DARK BGS_EFFTIME_BRIGHT LYA_EFFTIME_DARK GPB_EFFTIME_DARK GPB_EFFTIME_BRIGHT GPB_EFFTIME_BACKUP TRANSPARENCY_GFA SEEING_GFA FIBER_FRACFLUX_GFA FIBER_FRACFLUX_ELG_GFA FIBER_FRACFLUX_BGS_GFA FIBERFAC_GFA FIBERFAC_ELG_GFA FIBERFAC_BGS_GFA AIRMASS_GFA SKY_MAG_AB_GFA SKY_MAG_G_SPEC SKY_MAG_R_SPEC SKY_MAG_Z_SPEC EFFTIME_GFA EFFTIME_DARK_GFA EFFTIME_BRIGHT_GFA EFFTIME_BACKUP_GFA SKYRA SKYDEC MOON_ILLUMINATION MOON_ZD_DEG MOON_SEP_DEG FWHM_ASEC TRANSPARENCY SKY_MAG_AB FIBER_FRACFLUX FIBER_FRACFLUX_ELG FIBER_FRACFLUX_BGS
[from data line 220]
20210414 84807 78 183.024 -0.093 59319.22705768 sv3 backup backup sv3backup 757.1 106.4 30.0 backup 0.9 1.195 0.022 2.553 60.1 10.8 2.6 7.3 6.7 686.7 973.4 191.9 1451.2 89.5 92.7 96.1 76.2 84.3 100.8 106.4 0.765 1.879 0.278 0.225 0.111 0.352 0.391 0.42 1.191 21.084 21.945 21.196 19.563 83.7 104.4 119.9 83.7 183.025929 -0.09954 0.08602825394900009 101.9475043142262 123.889348217998 1.857528965373327 0.7659015347036564 21.09565948738979 0.28127307032504834 0.2279927314458817 0.11253102401622381
20210414 84808 105 189.718 61.716 59319.24150173 sv3 backup backup sv3backup 1066.0 21.5 30.0 backup 0.9 1.161 0.012 1.544 20.5 2.0 0.5 1.3 1.2 124.9 168.8 34.3 293.3 16.3 17.3 17.5 13.9 14.6 18.0 21.5 0.217 1.666 0.328 0.259 0.126 0.113 0.123 0.129 1.158 21.06 22.004 21.116 19.655 13.0 15.5 17.2 13.0 189.7225 61.7216 0.08688845129070866 105.9498300772609 91.71259477547615 1.665203156801556 0.21703063242090082 21.060262230296193 0.3284340556076755 0.259435563805015 0.12600138893359625
20210414 84809 105 189.718 61.716 59319.25546499 sv3 backup backup sv3backup 1080.9 6.2 30.0 backup 0.9 1.154 0.012 1.544 6.1 0.5 0.1 0.4 0.4 34.3 46.3 9.5 84.0 4.5 4.7 4.8 4.2 4.0 5.0 6.2 0.116 1.607 0.34 0.266 0.129 0.063 0.068 0.072 1.153 21.004 21.964 21.033 19.673 3.9 4.5 5.0 3.9 189.7225 61.7216 0.08763319973042337 109.38064613773396 91.71258949741694 1.590546734593909 0.11287152720033942 21.007013330134956 0.3471308978368315 0.27073480911799364 0.13063392660479797
20210414 84810 105 189.718 61.716 59319.26951305 sv3 backup backup sv3backup 1079.5 4.6 30.0 backup 0.9 1.152 0.012 1.544 4.1 0.4 0.1 0.3 0.3 25.0 34.5 7.1 63.0 3.2 3.3 3.5 3.4 3.0 3.7 4.6 0.088 1.495 0.379 0.292 0.14 0.05 0.056 0.061 1.152 21.004 21.95 21.008 19.62 2.5 3.0 3.5 2.5 189.7225 61.7216 0.08838213140594843 112.64596719404888 91.7126946237274 1.4947835296022918 0.0878126903095367 21.004244358243085 0.37873153584078467 0.2921572506790354 0.13982966900952415
20210414 84811 105 189.718 61.716 59319.28364597 sv3 backup backup sv3backup 1028.9 12.4 30.0 backup 0.9 1.153 0.012 1.544 11.0 1.1 0.3 0.7 0.8 68.6 95.4 19.4 169.3 8.8 9.1 9.6 8.8 8.3 10.2 12.4 0.144 1.374 0.421 0.319 0.151 0.089 0.095 0.099 1.155 21.046 21.973 21.018 19.545 7.4 8.3 9.0 7.4 189.7225 61.7216 0.0891234088766138 115.67279393399801 91.71272463584447 1.3606649242606954 0.142209900036011 21.045908230464725 0.4308515414946569 0.3257702628903547 0.15403387735009905
20210414 84812 105 189.718 61.716 59319.29706923 sv3 backup backup sv3backup 1058.7 23.6 30.0 backup 0.9 1.159 0.012 1.544 18.8 2.0 0.5 1.4 1.5 130.1 185.7 37.7 321.7 16.7 17.0 18.2 17.2 16.1 19.8 23.6 0.176 1.174 0.503 0.37 0.172 0.119 0.124 0.127 1.163 21.089 22.017 21.055 19.492 13.8 14.9 15.6 13.8 189.7225 61.7216 0.08985418272068393 118.430016711534 91.71275530805066 1.1739762221412682 0.1758594693837322 21.089370055024375 0.5104916563858791 0.37519498595793843 0.17439668596304397
20210414 84813 186 215.313 52.462 59319.31550189 sv3 backup backup sv3backup 769.4 54.1 30.0 backup 0.9 1.076 0.012 0.995 60.5 4.7 1.2 3.2 3.8 308.8 450.2 89.6 738.4 39.7 40.6 43.2 43.1 39.0 47.1 54.1 0.266 1.161 0.517 0.379 0.176 0.242 0.243 0.245 1.073 21.121 22.007 21.053 19.466 40.3 39.8 40.7 40.3 215.31568 52.465421 0.09075967613453904 120.85001707923948 106.84574433667072 1.1581646809156538 0.26564946499798575 21.10565262287658 0.5206364100346922 0.38135823776131766 0.17703389535492614
20210414 84814 213 217.66 34.366 59319.33031772 sv3 backup backup sv3backup 133.0 63.2 30.0 backup 0.9 1.006 0.008 1.172 67.9 6.8 1.6 4.6 3.2 437.5 600.8 116.9 862.5 56.1 58.1 61.3 36.2 52.0 61.4 63.2 0.93 0.972 0.608 0.433 0.198 0.926 0.901 0.891 1.005 21.568 22.393 21.424 19.566 79.5 50.2 56.5 79.5 217.66118 34.366321 0.09136100048301966 122.55641045624512 124.07584237155366 0.9718899510211514 0.9343102292618718 21.568403744333935 0.6070877014746738 0.43293162119379447 0.19744893731847268
20210414 84815 132 194.645 28.124 59319.33635629 sv3 backup backup sv3backup 402.3 65.6 30.0 backup 0.9 1.043 0.01 1.199 60.5 6.1 1.5 4.2 4.1 407.4 594.1 117.3 894.8 51.8 52.8 57.0 47.0 51.4 61.6 65.6 0.485 1.145 0.499 0.366 0.17 0.405 0.409 0.415 1.047 21.333 22.21 21.269 19.446 57.5 55.3 57.8 57.5 194.642408 28.12322 0.09177503675012064 123.64958683650363 115.31508457054383 1.14554577257907 0.4834888962352594 21.326298160289063 0.49626776435419095 0.3639833441707448 0.16935952805047488
20210414 84816 176 215.642 52.417 59319.3501027 sv3 bright bright sv3bright 487.1 66.3 220.0 bright 0.9 1.068 0.011 1.767 65.6 7.2 1.7 4.9 4.8 473.8 688.5 136.1 1025.3 60.7 62.0 66.3 54.9 59.6 71.5 75.1 0.445 1.154 0.511 0.375 0.174 0.371 0.372 0.376 1.068 21.353 22.218 21.258 19.42 60.4 58.8 60.4 60.3 215.641692 52.42046 0.09254970915880943 125.40982870953391 106.74952925853964 1.154549761379656 0.4408211308278087 21.352546339637552 0.5126880985483473 0.3761612716167822 0.17475914613096222
20210414 84817 284 218.133 2.343 59319.36007529 sv3 bright bright sv3bright 490.4 226.8 220.0 bright 0.9 1.152 0.039 1.1 241.5 25.7 6.3 17.4 17.3 1619.8 2441.1 459.4 3121.9 214.9 221.1 226.8 197.4 211.3 241.3 228.8 0.895 1.162 0.51 0.375 0.174 0.761 0.767 0.774 1.154 21.416 22.146 21.223 19.397 224.9 216.7 224.9 225.3 218.132642 2.33733 0.09309369534543745 126.42435280439058 151.1276357848386 1.1626881737195514 0.8966620511196476 21.4162181194409 0.5079762673200985 0.3730994370765238 0.17336351619972745
20210414 84818 205 217.747 34.288 59319.37051261 sv3 bright bright sv3bright 900.0 101.1 220.0 bright 0.9 1.007 0.008 0.974 105.3 10.8 2.7 7.4 10.0 722.3 1085.0 213.9 1616.6 91.5 92.8 101.1 114.7 93.9 112.3 118.5 0.408 1.222 0.484 0.359 0.167 0.326 0.332 0.338 1.011 21.442 22.255 21.279 19.456 111.0 108.6 111.0 99.7 217.746042 34.28831 0.09379814077235181 127.46270002430764 123.8794875307496 1.2224021528605258 0.4097345242076628 21.442351575896165 0.48461281529211386 0.3588566591793167 0.16755250620911355
20210414 84819 205 217.747 34.288 59319.38248006 sv3 bright bright sv3bright 390.2 119.3 220.0 bright 0.9 1.017 0.008 0.974 140.6 13.3 3.2 9.0 8.5 852.4 1246.3 241.2 1706.7 110.8 114.3 119.3 97.2 107.9 126.7 125.1 0.721 1.155 0.52 0.381 0.177 0.606 0.612 0.619 1.019 21.681 22.378 21.375 19.477 131.7 126.2 131.7 131.4 217.746042 34.28831 0.0942949639179911 128.0271748576221 123.87948124563127 1.1546219039162455 0.7207553152362269 21.6810623017539 0.520086772698791 0.38120333023024566 0.17690885527669725
20210414 84820 258 219.748 -0.492 59319.39115536 sv3 bright bright sv3bright 768.5 242.8 220.0 bright 0.9 1.217 0.045 1.138 241.2 27.4 6.9 18.5 23.5 1734.0 2655.3 504.3 3567.7 227.8 235.4 242.8 269.4 229.9 264.9 261.5 0.702 1.102 0.549 0.399 0.184 0.618 0.618 0.622 1.227 21.23 22.059 21.05 19.206 224.2 218.4 224.2 227.0 219.745808 -0.49871 0.0949000688875379 128.374774054335 153.92850784335286 1.1018292650185546 0.7017306968402369 21.2303306304726 0.5491649298352212 0.3985196030558342 0.18402591819944347
20210414 84821 338 241.109 43.338 59319.40428313 sv3 bright bright sv3bright 677.8 215.1 220.0 bright 0.9 1.021 0.012 1.043 245.1 24.1 5.9 16.4 18.9 1536.3 2347.5 448.6 3111.2 202.6 207.4 215.1 215.9 203.2 235.6 228.0 0.656 1.203 0.505 0.372 0.173 0.557 0.564 0.57 1.02 21.437 22.337 21.262 19.325 215.1 211.4 215.1 202.8 241.109879 43.33973 0.095590784304443 128.51005198943287 118.64539430432494 1.2030442715977567 0.6536699568687871 21.43737021851402 0.506900940924813 0.37361320359451605 0.17394543575307359
20210414 84822 311 242.818 54.867 59319.4153923 sv3 bright bright sv3bright 541.3 201.7 220.0 bright 0.9 1.086 0.01 1.073 245.6 23.3 5.7 15.7 14.4 1441.0 2177.9 412.0 2869.4 193.2 200.0 201.7 164.2 188.5 216.4 210.3 0.892 1.371 0.429 0.325 0.154 0.64 0.664 0.683 1.086 21.532 22.425 21.316 19.343 236.9 223.8 236.9 208.5 242.818592 54.87099 0.09616162226774225 128.36763046870269 107.05255325162213 1.3711152867501712 0.8926622458827682 21.53159217419453 0.42977113524625676 0.3255384134250805 0.1539922064439725
20210414 84823 366 245.881 43.57 59319.42495945 sv3 bright bright sv3bright 1076.9 26.5 220.0 bright 0.9 1.021 0.011 1.383 36.3 2.9 0.7 2.0 2.8 189.6 274.5 55.3 472.9 24.2 24.9 26.5 32.6 23.8 29.0 34.7 0.224 1.402 0.421 0.32 0.152 0.155 0.163 0.169 1.021 21.121 22.024 20.924 19.249 26.7 24.7 26.7 22.8 245.88133 43.571781 0.09686821099729467 127.88679368848426 118.12143154376683 1.402434686037504 0.22357239371430748 21.120510743840306 0.42058372736407756 0.31992087203147934 0.151754622206134
20210414 84824 366 245.881 43.57 59319.43891798 sv3 bright bright sv3bright 858.9 48.6 220.0 bright 0.9 1.023 0.011 1.383 64.1 5.3 1.3 3.6 4.7 347.1 507.9 101.1 829.7 44.6 45.9 48.6 53.4 44.0 53.1 60.8 0.326 1.33 0.447 0.337 0.159 0.243 0.252 0.259 1.025 20.622 22.091 20.989 19.288 50.5 47.6 50.5 45.5 245.88133 43.571781 0.09757595052395822 127.07163934941734 118.12143654573309 1.3299762478596628 0.325066869094187 20.621538335438352 0.44790607899338786 0.3371163019402594 0.1589095276298475
20210414 84825 366 245.881 43.57 59319.45054319 sv3 bright bright sv3bright 671.5 118.5 220.0 bright 0.9 1.028 0.011 1.383 143.7 13.1 3.3 8.9 10.2 846.7 1278.9 248.3 1865.9 110.2 112.6 118.5 117.1 110.7 130.4 136.8 0.53 1.198 0.501 0.37 0.172 0.431 0.44 0.447 1.031 20.715 22.23 21.128 19.336 122.0 117.2 122.0 115.5 245.88133 43.571781 0.09816659360398279 126.13010241593176 118.12141751254917 1.1978296030213327 0.5305824892366524 20.715185219634325 0.5017940533216383 0.370095907141312 0.17241240877019737
20210414 84826 392 252.524 34.382 59319.46167965 sv3 bright bright sv3bright 634.3 185.9 220.0 bright 0.9 1.005 0.025 1.492 244.1 21.4 5.2 14.3 14.4 1327.5 1977.0 377.8 2655.0 176.3 184.0 185.9 165.0 171.1 198.5 194.6 0.765 1.357 0.419 0.317 0.15 0.541 0.562 0.579 1.006 20.727 22.358 21.272 19.43 195.8 184.7 195.8 169.4 252.523301 34.382331 0.09877802717825494 124.9520108883984 126.1688338038976 1.3565596903291655 0.765820039549739 20.72705304241577 0.4186658412518371 0.3164783146939191 0.14981910733897685
20210414 84827 419 269.69 65.901 59319.47300327 sv3 bright bright sv3bright 887.2 100.0 220.0 bright 0.9 1.209 0.041 1.748 108.7 11.9 2.8 7.8 7.5 714.0 1005.0 197.7 1536.3 95.8 102.5 100.0 86.0 87.0 103.8 112.6 0.514 1.382 0.426 0.323 0.153 0.356 0.372 0.385 1.208 20.878 21.975 20.839 19.248 89.6 81.9 89.6 80.6 269.69386 65.907871 0.09949853542752611 123.29565170319512 93.00495965935251 1.3779981380415227 0.5214549846386413 20.893752574423793 0.4257191987517673 0.3222982989256697 0.15246288684829357
20210414 84828 419 269.69 65.901 59319.48502337 sv3 bright bright sv3bright 546.2 134.8 220.0 bright 0.9 1.206 0.041 1.748 132.0 16.1 3.8 10.5 8.1 962.8 1378.5 266.3 1947.6 129.7 138.4 134.8 92.2 119.3 139.9 142.7 0.762 1.297 0.454 0.34 0.16 0.561 0.577 0.592 1.206 20.618 21.834 20.95 19.249 128.0 117.3 128.0 123.8 269.69386 65.907871 0.10006740332148359 121.7819687002942 93.00491984430077 1.2969688693179724 0.7621064801209337 20.61797832260629 0.4545069909819212 0.34025612561709107 0.16011924232001618
20210414 84829 429 269.49 66.09 59319.49412234 sv3 backup backup sv3backup 781.9 29.0 30.0 backup 0.9 1.208 0.039 1.237 27.0 3.1 0.7 1.9 0.8 179.0 232.8 47.5 395.6 23.2 26.4 25.1 9.1 20.2 25.0 29.0 0.374 1.488 0.384 0.296 0.141 0.245 0.259 0.268 1.209 19.977 19.891 20.195 19.068 22.1 21.0 23.5 22.1 269.490129 66.09699 0.1006581439626452 120.10253483660313 92.85593556890062 1.48720231438773 0.37548885637496193 19.97679601017696 0.3839560326432536 0.2954531317265631 0.14123469124704668
20210415 84929 24 150.087 2.063 59320.19125319 sv3 backup backup sv3backup 626.7 76.3 30.0 backup 0.9 1.177 0.023 1.798 41.8 6.9 1.6 4.8 5.0 466.2 689.8 138.0 1041.6 58.8 59.0 65.3 56.7 59.7 72.5 76.3 0.45 1.207 0.501 0.371 0.173 0.366 0.37 0.374 1.183 20.936 21.846 21.045 19.324 68.1 66.3 68.8 68.1 150.085192 2.05709 0.14352770232039594 81.94249241226707 81.25789545507715 1.206234315910994 0.45951521112108834 20.96159659213026 0.5035558052750189 0.37153662591985714 0.17308721107440153
20210415 84930 24 150.087 2.063 59320.2000171 sv3 backup backup sv3backup 291.9 35.8 30.0 backup 0.9 1.192 0.023 1.798 18.8 3.4 0.8 2.3 1.8 226.3 315.7 63.7 488.5 28.6 29.2 31.7 20.2 27.3 33.4 35.8 0.494 1.176 0.516 0.379 0.176 0.404 0.409 0.413 1.196 20.996 21.873 21.065 19.33 32.8 28.8 30.6 32.8 150.085192 2.05709 0.14398020868308112 83.88562711720154 81.25785158578618 1.1759088794449688 0.494219966755662 20.995703401858872 0.5117097138611695 0.37635068053031373 0.17481330031453773
20210415 84931 43 179.635 -0.115 59320.207012 sv3 bright bright sv3bright 221.2 41.3 220.0 bright 0.9 1.207 0.024 1.139 48.9 4.5 1.1 3.0 2.3 294.8 401.3 80.0 606.7 37.3 38.5 41.3 26.3 34.7 42.0 44.5 0.77 1.345 0.448 0.337 0.159 0.58 0.597 0.61 1.205 21.052 21.933 21.152 19.359 46.7 41.7 46.7 49.3 179.637471 -0.12166 0.14441917500615767 85.57457009218062 109.25414071313531 1.3448883869056676 0.770374406459697 21.051956975168864 0.447468809607546 0.33672954789042364 0.15851717679330435
20210415 84932 52 179.714 0.038 59320.21222464 sv3 backup backup sv3backup 218.4 70.0 30.0 backup 0.9 1.197 0.025 1.465 62.1 7.5 1.8 5.0 3.4 479.0 660.7 129.3 955.8 61.7 64.1 67.1 38.4 57.2 67.9 70.0 0.954 1.343 0.446 0.337 0.159 0.704 0.727 0.744 1.196 21.147 21.992 21.231 19.423 74.5 62.5 71.1 74.5 179.716042 0.031481 0.14476363443627757 86.96409842765269 109.20240253905425 1.3432248808675862 0.9539946050068966 21.146992677590475 0.4458953447805003 0.33626096430454117 0.15859719647921486
20210415 84933 68 183.218 -0.023 59320.21766006 sv3 bright bright sv3bright 641.4 182.0 220.0 bright 0.9 1.204 0.022 1.373 243.3 19.8 4.6 13.7 13.2 1300.3 1934.9 377.4 2555.5 169.2 170.6 182.0 151.4 167.5 198.2 187.3 0.923 1.413 0.397 0.303 0.144 0.6 0.625 0.643 1.199 21.174 21.986 21.219 19.41 231.3 218.0 231.3 201.8 183.220359 -0.029609 0.14528801632700503 89.09768404394674 112.39233084087653 1.4130735313880047 0.9168921181341982 21.174326030398866 0.39916001327555806 0.30451699677736355 0.14470661842874336
20210415 84934 95 190.141 61.763 59320.22970656 sv3 bright bright sv3bright 843.0 48.1 220.0 bright 0.9 1.169 0.012 1.224 56.5 5.2 1.2 3.6 4.2 343.4 498.1 99.9 786.8 44.4 44.5 48.1 47.5 43.1 52.5 57.7 0.347 1.339 0.443 0.333 0.157 0.249 0.257 0.264 1.166 20.994 22.024 21.051 19.39 51.6 48.8 51.6 46.3 190.146892 61.76855 0.14616855872667864 92.56488297687535 84.46248618035078 1.3389983418030527 0.3345179029692805 20.98248255348316 0.4424309361345895 0.33236493738512796 0.15662916182956416
20210415 84936 133 194.886 28.207 59320.2548212 sv3 backup backup sv3backup 321.9 64.4 30.0 backup 0.9 1.014 0.009 1.379 60.4 6.3 1.5 4.3 3.6 410.5 583.7 114.5 879.1 52.6 54.4 57.5 41.7 50.5 60.1 64.4 0.617 1.253 0.484 0.36 0.168 0.495 0.504 0.512 1.012 21.491 22.24 21.407 19.643 68.3 65.0 68.9 68.3 194.887608 28.20636 0.1476523865681962 98.15303771723485 107.60701422558962 1.2532362959179149 0.6182512838697833 21.491255274129827 0.4843448090161806 0.3602127984572382 0.16840855148150838
20210415 84937 106 190.152 61.817 59320.26310861 sv3 backup backup sv3backup 395.0 62.1 30.0 backup 0.9 1.153 0.012 1.268 62.8 6.0 1.5 4.1 3.0 384.4 548.6 107.7 847.5 50.1 51.7 53.8 34.2 47.5 56.6 62.1 0.513 1.274 0.471 0.351 0.164 0.393 0.406 0.416 1.153 21.317 22.193 21.267 19.524 51.2 51.2 54.7 51.2 190.153343 61.822721 0.14823659848619705 100.28695622234964 84.18733372471617 1.2733574578672777 0.5134584881633297 21.317459000391366 0.47259771550318996 0.3523302790733909 0.1651334659353434
