python/snxform/etc/exposures-fuji-sv3.ecsv
# %ECSV 1.0
# ---
# datatype:
# - {name: NIGHT, datatype: int64}
# - {name: EXPID, datatype: int64}
# - {name: TILEID, datatype: int64}
# - {name: TILERA, datatype: float64}
# - {name: TILEDEC, datatype: float64}
# - {name: MJD, datatype: float64}
# - {name: SURVEY, datatype: string}
# - {name: PROGRAM, datatype: string}
# - {name: FAPRGRM, datatype: string}
# - {name: FAFLAVOR, datatype: string}
# - {name: EXPTIME, datatype: float64}
# - {name: EFFTIME_SPEC, datatype: float64}
# - {name: GOALTIME, datatype: float64}
# - {name: GOALTYPE, datatype: string}
# - {name: MINTFRAC, datatype: float64}
# - {name: AIRMASS, datatype: float64}
# - {name: EBV, datatype: float64}
# - {name: SEEING_ETC, datatype: float64}
# - {name: EFFTIME_ETC, datatype: float64}
# - {name: TSNR2_ELG, datatype: float64}
# - {name: TSNR2_QSO, datatype: float64}
# - {name: TSNR2_LRG, datatype: float64}
# - {name: TSNR2_LYA, datatype: float64}
# - {name: TSNR2_BGS, datatype: float64}
# - {name: TSNR2_GPBDARK, datatype: float64}
# - {name: TSNR2_GPBBRIGHT, datatype: float64}
# - {name: TSNR2_GPBBACKUP, datatype: float64}
# - {name: LRG_EFFTIME_DARK, datatype: float64}
# - {name: ELG_EFFTIME_DARK, datatype: float64}
# - {name: BGS_EFFTIME_BRIGHT, datatype: float64}
# - {name: LYA_EFFTIME_DARK, datatype: float64}
# - {name: GPB_EFFTIME_DARK, datatype: float64}
# - {name: GPB_EFFTIME_BRIGHT, datatype: float64}
# - {name: GPB_EFFTIME_BACKUP, datatype: float64}
# - {name: TRANSPARENCY_GFA, datatype: float64}
# - {name: SEEING_GFA, datatype: float64}
# - {name: FIBER_FRACFLUX_GFA, datatype: float64}
# - {name: FIBER_FRACFLUX_ELG_GFA, datatype: float64}
# - {name: FIBER_FRACFLUX_BGS_GFA, datatype: float64}
# - {name: FIBERFAC_GFA, datatype: float64}
# - {name: FIBERFAC_ELG_GFA, datatype: float64}
# - {name: FIBERFAC_BGS_GFA, datatype: float64}
# - {name: AIRMASS_GFA, datatype: float64}
# - {name: SKY_MAG_AB_GFA, datatype: float64}
# - {name: SKY_MAG_G_SPEC, datatype: float64}
# - {name: SKY_MAG_R_SPEC, datatype: float64}
# - {name: SKY_MAG_Z_SPEC, datatype: float64}
# - {name: EFFTIME_GFA, datatype: float64}
# - {name: EFFTIME_DARK_GFA, datatype: float64}
# - {name: EFFTIME_BRIGHT_GFA, datatype: float64}
# - {name: EFFTIME_BACKUP_GFA, datatype: float64}
# - {name: SKYRA, datatype: float64}
# - {name: SKYDEC, datatype: float64}
# - {name: MOON_ILLUMINATION, datatype: float64}
# - {name: MOON_ZD_DEG, datatype: float64}
# - {name: MOON_SEP_DEG, datatype: float64}
# - {name: FWHM_ASEC, datatype: float64}
# - {name: TRANSPARENCY, datatype: float64}
# - {name: SKY_MAG_AB, datatype: float64}
# - {name: FIBER_FRACFLUX, datatype: float64}
# - {name: FIBER_FRACFLUX_ELG, datatype: float64}
# - {name: FIBER_FRACFLUX_BGS, datatype: float64}
# schema: astropy-2.0
NIGHT EXPID TILEID TILERA TILEDEC MJD SURVEY PROGRAM FAPRGRM FAFLAVOR EXPTIME EFFTIME_SPEC GOALTIME GOALTYPE MINTFRAC AIRMASS EBV SEEING_ETC EFFTIME_ETC TSNR2_ELG TSNR2_QSO TSNR2_LRG TSNR2_LYA TSNR2_BGS TSNR2_GPBDARK TSNR2_GPBBRIGHT TSNR2_GPBBACKUP LRG_EFFTIME_DARK ELG_EFFTIME_DARK BGS_EFFTIME_BRIGHT LYA_EFFTIME_DARK GPB_EFFTIME_DARK GPB_EFFTIME_BRIGHT GPB_EFFTIME_BACKUP TRANSPARENCY_GFA SEEING_GFA FIBER_FRACFLUX_GFA FIBER_FRACFLUX_ELG_GFA FIBER_FRACFLUX_BGS_GFA FIBERFAC_GFA FIBERFAC_ELG_GFA FIBERFAC_BGS_GFA AIRMASS_GFA SKY_MAG_AB_GFA SKY_MAG_G_SPEC SKY_MAG_R_SPEC SKY_MAG_Z_SPEC EFFTIME_GFA EFFTIME_DARK_GFA EFFTIME_BRIGHT_GFA EFFTIME_BACKUP_GFA SKYRA SKYDEC MOON_ILLUMINATION MOON_ZD_DEG MOON_SEP_DEG FWHM_ASEC TRANSPARENCY SKY_MAG_AB FIBER_FRACFLUX FIBER_FRACFLUX_ELG FIBER_FRACFLUX_BGS
[from data line 252]
20210415 84940 187 215.688 52.464 59320.29828195 sv3 backup backup sv3backup 1084.3 12.4 30.0 backup 0.9 1.089 0.011 1.032 9.7 1.1 0.3 0.7 0.8 69.1 96.0 19.5 169.6 8.9 9.3 9.7 9.1 8.3 10.3 12.4 0.099 1.171 0.523 0.384 0.178 0.087 0.088 0.089 1.083 21.291 22.098 21.142 19.675 8.1 8.4 8.6 8.1 215.693542 52.46725 0.15088034054037122 109.39630516180326 98.77970432838171 1.167076675088171 0.09777232495611339 21.255509758830136 0.5258575293781576 0.3853124686804397 0.1788639292455319
20210415 84941 187 215.688 52.464 59320.3123378 sv3 backup backup sv3backup 719.5 10.8 30.0 backup 0.9 1.077 0.011 1.032 8.1 1.0 0.2 0.7 0.6 62.2 84.2 17.1 147.3 8.0 8.5 8.7 6.5 7.3 9.0 10.8 0.134 1.28 0.466 0.348 0.163 0.107 0.109 0.111 1.074 21.314 22.117 21.159 19.701 7.6 7.9 8.2 7.6 215.693542 52.46725 0.15168992714428955 111.96264065945553 98.77968469029427 1.2795231857430953 0.13352987025874014 21.27664688479524 0.472584548566828 0.3528736297056255 0.16552248459875324
20210415 84942 187 215.688 52.464 59320.32214213 sv3 backup backup sv3backup 164.8 25.7 30.0 backup 0.9 1.071 0.011 1.032 23.2 2.7 0.6 1.8 1.0 172.6 222.3 44.4 351.3 22.0 23.2 24.2 11.2 19.2 23.3 25.7 0.649 1.272 0.461 0.344 0.162 0.494 0.504 0.513 1.071 21.663 22.346 21.427 19.706 26.9 22.0 24.5 26.9 215.693542 52.46725 0.15213798182678365 113.31473859289758 100.61847041613925 1.2722603831284114 0.6563398352327898 21.663008938829947 0.45801070242752373 0.341924762600941 0.16048862492106852
20210415 84943 214 217.937 34.359 59320.32872053 sv3 backup backup sv3backup 170.3 72.9 30.0 backup 0.9 1.005 0.008 1.301 67.9 8.2 2.0 5.5 3.4 521.7 699.6 135.5 994.6 67.7 70.9 73.0 38.8 60.6 71.2 72.9 0.918 1.146 0.516 0.379 0.176 0.812 0.814 0.819 1.005 21.907 22.487 21.663 19.876 86.5 66.5 73.9 86.5 217.938158 34.35932 0.15258624574414528 114.22044831958367 116.40367548540533 1.1459891508406606 0.9164039864961787 21.907152138106404 0.515010610210219 0.37819689710714505 0.17567941244811408
20210415 84944 347 241.195 43.508 59320.33420188 sv3 backup backup sv3backup 693.9 35.9 30.0 backup 0.9 1.1 0.013 1.215 31.3 3.5 0.8 2.4 2.2 222.2 299.3 60.7 489.3 29.0 30.4 31.1 24.8 25.9 31.9 35.9 0.28 1.324 0.446 0.335 0.158 0.211 0.217 0.222 1.092 21.099 22.034 21.043 19.679 26.5 27.4 28.8 26.5 241.201058 43.50936 0.15316435435582224 115.7807037953959 115.00633296413517 1.323543054696791 0.28049633309698163 21.098578242022192 0.4458476224687078 0.3351966984578281 0.15786219442266491
20210416 85070 16 150.187 2.099 59321.14155274 sv3 bright bright sv3bright 80.0 27.9 220.0 bright 0.9 1.158 0.022 0.0 0.0 3.0 0.7 2.0 1.2 199.6 256.5 50.8 401.1 25.0 25.7 27.9 14.3 22.2 26.7 29.4 1.019 1.019 0.62 0.442 0.202 1.067 1.039 1.029 1.158 21.027 21.63 21.096 19.432 28.1 23.3 28.1 45.4 150.1881 2.093211 0.21196149643224335 56.291374011695964 70.51342169472416 1.018946124082297 1.018282196422032 21.026839426116993 0.6216154804678464 0.44329767687467936 0.20264553171056354
20210416 85071 32 179.635 -0.115 59321.1468817 sv3 dark dark sv3dark 785.1 505.3 1200.0 dark 0.9 1.404 0.024 1.042 615.7 58.8 14.5 40.0 40.8 3614.8 5579.4 1031.7 6748.6 492.9 505.3 506.1 466.2 483.0 541.9 494.6 1.071 1.131 0.535 0.391 0.181 0.947 0.942 0.944 1.381 20.934 21.524 21.017 19.378 531.0 531.0 545.0 567.7 179.642529 -0.12343 0.21269162278819806 59.059195757139975 98.16938324699922 1.1308956257234972 1.0698147995126117 20.93389400175029 0.5361639280933499 0.39195285191392837 0.18154019466027438
20210416 85072 32 179.635 -0.115 59321.15683846 sv3 dark dark sv3dark 1020.3 718.7 1200.0 dark 0.9 1.352 0.024 1.042 785.9 83.6 20.3 56.2 54.1 4983.3 7645.1 1401.6 8991.5 692.4 718.7 697.7 619.4 661.8 736.1 659.0 1.036 1.173 0.519 0.381 0.177 0.899 0.902 0.909 1.327 21.043 21.566 21.076 19.486 706.8 706.8 716.9 697.9 179.642529 -0.12343 0.21357327280655794 62.445530379278075 98.1693961266458 1.172762211795935 1.0364743302158845 21.043014585100604 0.5195021013838594 0.3809409357451 0.17670198464344816
20210416 85073 59 183.128 -0.117 59321.1709677 sv3 dark dark sv3dark 1056.3 584.0 1200.0 dark 0.9 1.332 0.022 1.346 624.1 67.9 16.3 45.3 38.3 4026.2 6021.7 1117.3 7417.1 558.1 584.0 563.7 438.6 521.3 586.8 543.6 1.027 1.373 0.434 0.329 0.156 0.751 0.773 0.792 1.308 21.027 21.577 21.09 19.587 553.3 553.3 577.8 514.3 183.133929 -0.12478 0.21469430797626216 66.43352664507744 101.0657982947339 1.3729544671964249 1.0241663876805975 21.026752619334438 0.4341674114339149 0.32956630769625384 0.15591109421555704
20210416 85074 59 183.128 -0.117 59321.18407914 sv3 dark dark sv3dark 1058.1 746.5 1200.0 dark 0.9 1.281 0.022 1.346 778.7 86.8 21.2 58.4 57.9 5191.1 8044.8 1469.8 9361.6 719.5 746.5 726.8 662.1 696.4 772.0 686.1 1.041 1.212 0.506 0.374 0.174 0.867 0.874 0.882 1.262 21.058 21.619 21.113 19.615 728.0 728.0 735.1 698.8 183.133929 -0.12478 0.21572489346305004 70.30834028857144 101.06580461336937 1.2119763701517607 1.0424407002055025 21.058365198518366 0.5063723741062198 0.3735591464112016 0.17389993113227284
20210416 85075 86 189.928 61.681 59321.20030312 sv3 dark dark sv3dark 744.4 1123.0 1200.0 dark 0.9 1.199 0.012 0.867 1406.6 130.6 32.1 90.5 88.3 7709.2 12826.8 2230.3 12419.9 1115.7 1123.0 1079.3 1010.4 1110.4 1171.4 910.2 1.117 0.849 0.659 0.467 0.211 1.207 1.157 1.131 1.193 21.176 21.871 21.334 19.635 1015.0 1015.0 939.1 1022.7 189.937458 61.68626 0.21685913450088634 74.18875020526396 77.27504113865845 0.8489846142760629 1.1148239264639155 21.17615130096746 0.6607189184525886 0.4678702010563287 0.21165426913702023
20210416 85076 114 194.85 28.281 59321.21206146 sv3 dark dark sv3dark 860.2 1361.0 1200.0 dark 0.9 1.075 0.01 1.037 1396.2 158.3 38.3 108.4 104.4 9110.1 15202.6 2617.1 14425.8 1336.2 1361.0 1275.4 1194.1 1316.0 1374.6 1057.3 1.106 1.005 0.616 0.443 0.202 1.18 1.144 1.126 1.064 21.305 21.929 21.381 19.678 1278.5 1278.5 1172.0 1197.7 194.85425 28.27994 0.21783839201391494 77.63851245212014 97.30460274451075 1.0053111685447655 1.0999079224904817 21.304817167635335 0.6194056920058368 0.4449581886532381 0.20353025522635354
20210416 85077 68 183.218 -0.023 59321.22508974 sv3 bright bright sv3bright 106.7 42.1 220.0 bright 0.9 1.191 0.022 0.978 44.8 4.6 1.1 3.1 2.0 300.4 398.4 78.3 601.8 38.1 39.6 42.1 23.1 34.5 41.1 44.1 1.104 1.019 0.585 0.418 0.191 1.066 1.042 1.035 1.191 21.124 21.736 21.119 19.435 45.9 38.7 45.9 68.8 183.219671 -0.02947 0.218515063199584 79.93561603960848 100.46592657746795 1.0190710676808528 1.1055181890821046 21.124408473771947 0.5859446964964331 0.4188144221360857 0.1916197476897974
20210416 85078 95 190.141 61.763 59321.23024859 sv3 bright bright sv3bright 177.7 145.1 220.0 bright 0.9 1.166 0.012 0.883 161.8 16.0 3.9 11.0 8.6 1036.1 1512.3 286.0 1948.8 135.9 137.8 145.1 97.9 130.9 150.2 142.8 1.206 0.805 0.627 0.44 0.198 1.294 1.229 1.195 1.166 21.203 21.981 21.287 19.434 150.9 138.7 150.9 221.9 190.146351 61.768581 0.21895686191118882 81.46269673895826 77.11536875817491 0.8050898591663225 1.2042110118679843 21.202766943403798 0.6281694802754558 0.4411599876298582 0.19864119346389741
20210416 85079 121 194.628 28.147 59321.23551848 sv3 bright bright sv3bright 242.4 235.8 220.0 bright 0.9 1.032 0.01 0.922 243.4 27.3 6.6 18.4 15.7 1684.6 2489.0 461.2 3009.0 226.6 235.2 235.8 180.0 215.5 242.2 220.5 1.253 0.969 0.521 0.376 0.174 1.243 1.196 1.171 1.03 21.25 22.039 21.343 19.555 240.5 228.8 240.5 312.4 194.630592 28.146231 0.21940667333643896 82.99811834788949 96.95247255570305 0.9687083003033408 1.261507941944553 21.250170806145803 0.5215857062167267 0.3754025204674556 0.17278435423390726
20210416 85080 44 179.664 0.101 59321.24136198 sv3 bright bright sv3bright 315.7 204.6 220.0 bright 0.9 1.177 0.024 0.959 253.1 22.7 5.6 15.6 15.6 1461.6 2205.5 414.5 2807.6 191.8 195.5 204.6 178.8 190.9 217.7 205.8 1.077 1.005 0.594 0.425 0.194 1.074 1.046 1.035 1.178 21.133 21.833 21.142 19.405 231.1 218.5 231.1 281.6 179.663971 0.0947 0.21989884688169448 84.6687379862867 96.98883663269916 1.0050919550025075 1.0820577204694066 21.1334475909173 0.5901157596370863 0.4224049558997539 0.19343803905060547
20210416 85081 149 210.095 4.926 59321.248103 sv3 bright bright sv3bright 358.9 237.1 220.0 bright 0.9 1.249 0.032 1.168 250.7 27.2 6.5 18.4 16.1 1693.4 2518.0 473.8 3117.0 226.6 233.6 237.1 184.3 218.0 248.9 228.4 1.034 1.043 0.58 0.419 0.193 1.011 0.992 0.988 1.243 21.114 21.862 21.109 19.322 235.1 222.3 235.1 274.5 210.100309 4.91982 0.22045169202881332 86.51838339241762 121.84678056465401 1.0428936844427608 1.0329468817086236 21.11417612257151 0.5828542273565065 0.4206705907077981 0.193463574437444
20210416 85082 168 215.683 52.544 59321.25580663 sv3 dark dark sv3dark 786.9 1246.5 1200.0 dark 0.9 1.151 0.011 0.826 1411.8 144.9 35.6 98.6 110.8 8366.1 14066.9 2419.1 13238.9 1215.7 1246.5 1171.3 1267.2 1217.7 1270.6 970.3 1.015 0.841 0.711 0.499 0.225 1.209 1.161 1.139 1.142 21.383 22.274 21.375 19.455 1144.9 1144.9 1051.1 1113.8 215.691293 52.54697 0.22125986415181992 89.20829892074813 93.88791038800852 0.8413149099990316 1.0163248695399245 21.382514784794076 0.7100187775904092 0.49756238659231933 0.22420708389449331
20210416 85083 141 210.107 5.055 59321.26848617 sv3 dark dark sv3dark 1026.3 1220.3 1200.0 dark 0.9 1.185 0.032 0.949 1420.3 141.9 35.8 96.7 128.1 8404.8 14161.8 2462.5 14218.4 1192.5 1220.3 1176.7 1465.4 1225.9 1293.4 1042.1 1.06 0.946 0.641 0.455 0.207 1.12 1.085 1.069 1.172 21.435 22.095 21.243 19.395 1166.8 1166.8 1091.3 1138.2 210.110679 5.04941 0.22236905724057526 92.79317410071886 121.55531982850906 0.9460366699033744 1.058409787650902 21.434542383002096 0.6397090438822783 0.4538244390198004 0.20662593968188397
20210416 85084 222 216.412 -0.557 59321.28282799 sv3 dark dark sv3dark 1091.2 1351.9 1200.0 dark 0.9 1.267 0.047 0.991 1409.9 157.2 39.5 107.7 136.6 9283.3 15689.5 2715.4 15410.8 1327.6 1351.9 1299.7 1562.9 1358.2 1426.2 1129.4 1.028 0.924 0.664 0.468 0.212 1.153 1.112 1.094 1.25 21.331 22.062 21.195 19.346 1182.3 1182.3 1108.9 1179.8 216.4162 -0.56428 0.2235361574263294 96.43335699758669 129.67889355240047 0.9237010711684176 1.0312018352644698 21.331259056626763 0.6630111324393834 0.46658867548975524 0.21162413549402403
20210416 85085 195 217.937 34.44 59321.29873482 sv3 dark dark sv3dark 421.2 647.0 1200.0 dark 0.9 1.03 0.008 0.751 729.1 75.2 18.6 51.4 52.7 4471.0 7264.6 1271.6 7299.5 633.1 647.0 625.9 602.9 628.9 667.9 535.0 1.075 0.778 0.722 0.504 0.226 1.286 1.231 1.198 1.027 21.574 22.42 21.511 19.604 608.2 608.2 577.6 667.1 217.939842 34.440191 0.22450193244975908 99.30542855046026 108.1243332074546 0.7777747284133126 1.0831752513619626 21.573626867501993 0.7215200296121589 0.5035134908367374 0.22569928152534546
20210416 85086 278 217.952 2.36 59321.30674067 sv3 dark dark sv3dark 995.9 1437.8 1200.0 dark 0.9 1.181 0.038 1.048 1421.3 167.2 42.0 112.5 148.5 9612.6 16080.4 2757.2 15513.1 1386.4 1437.8 1345.8 1698.4 1392.0 1448.2 1136.9 1.011 0.89 0.688 0.483 0.218 1.19 1.141 1.121 1.173 21.329 22.135 21.28 19.502 1249.6 1249.6 1155.0 1224.1 217.95458 2.354011 0.225398487141548 101.94493988582445 129.17216204926922 0.8903101484324766 1.0106613936348738 21.328675885822204 0.6874477286760751 0.4824933247254859 0.21816151563055214
20210416 85087 250 219.815 -0.481 59321.32050435 sv3 dark dark sv3dark 793.1 786.6 1200.0 dark 0.9 1.204 0.045 0.974 851.7 91.5 22.2 60.7 63.0 5295.8 8340.9 1488.3 8909.9 747.8 786.6 741.4 720.8 722.0 781.7 653.0 1.026 1.017 0.588 0.422 0.193 1.027 1.009 1.004 1.199 21.382 22.107 21.274 19.511 707.8 707.8 684.2 691.5 219.817042 -0.48768 0.22640982115750927 104.76803701061908 132.1146028898237 1.0169183469458778 1.025187294479595 21.3817895527669 0.5909649628384428 0.4236404026908212 0.19409318255664176
20210416 85092 228 216.371 -0.503 59321.35199316 sv3 bright bright sv3bright 274.5 200.4 220.0 bright 0.9 1.188 0.046 0.952 195.1 23.5 5.6 15.6 12.5 1431.5 2098.8 391.6 2627.3 192.6 201.7 200.4 142.9 181.7 205.7 192.6 1.039 0.994 0.625 0.445 0.203 1.072 1.045 1.036 1.19 21.287 22.086 21.204 19.382 178.1 167.0 178.1 218.9 216.37033 -0.509499 0.2286918538064085 110.59743505853649 128.8023975401387 0.9937554517309761 1.0382876186613144 21.286740427813818 0.6259131737395014 0.44543773815362986 0.20322035492506096
20210416 85093 285 217.995 2.537 59321.3589958 sv3 bright bright sv3bright 297.6 241.6 220.0 bright 0.9 1.153 0.038 0.861 254.3 28.1 6.8 18.8 17.1 1725.6 2582.4 479.3 3134.6 232.4 241.3 241.6 195.1 223.6 251.8 229.7 1.041 0.938 0.664 0.469 0.213 1.136 1.101 1.086 1.154 21.346 22.126 21.214 19.357 230.0 218.8 230.0 284.9 217.99423 2.531361 0.22926704585911756 111.94611878191861 128.51189681197263 0.9380192227886863 1.0452376249949125 21.345975230587772 0.6602668403817328 0.4663953687196837 0.21162801851972815
20210416 85094 206 217.937 34.44 59321.36555165 sv3 bright bright sv3bright 253.6 228.6 220.0 bright 0.9 1.007 0.008 0.985 258.3 25.7 6.3 17.6 16.9 1632.5 2481.8 461.4 2964.9 216.4 220.6 228.6 193.6 214.8 242.3 217.3 1.094 0.892 0.645 0.455 0.206 1.186 1.144 1.126 1.008 21.562 22.417 21.488 19.555 251.2 240.6 251.2 312.3 217.936 34.44033 0.22977199521269878 113.08086866563421 107.54230499875874 0.8922134037780354 1.0977601520002522 21.56240608733559 0.643319103571796 0.45410155352800763 0.20543522820826798
20210416 85095 259 219.752 -0.71 59321.37174763 sv3 bright bright sv3bright 372.4 239.1 220.0 bright 0.9 1.2 0.045 1.049 242.3 28.4 6.8 18.8 14.9 1707.9 2499.7 467.7 3118.0 232.0 243.9 239.1 170.1 216.4 245.7 228.5 1.027 1.074 0.576 0.416 0.191 0.962 0.953 0.953 1.203 21.445 22.075 21.196 19.382 227.8 216.6 227.8 252.7 219.750721 -0.71662 0.23032385458553628 114.27121322959185 131.58315971226486 1.073757521224169 1.029291614768228 21.445477703366883 0.5766406710760703 0.4159204611071705 0.19129098849068543
20210416 85096 332 240.889 43.424 59321.37986776 sv3 dark dark sv3dark 836.0 1288.6 1200.0 dark 0.9 1.03 0.013 0.786 1424.1 149.8 36.9 101.5 109.7 8537.4 14514.4 2463.7 13337.7 1251.3 1288.6 1195.2 1255.2 1256.5 1294.0 977.5 1.013 0.939 0.65 0.46 0.209 1.094 1.065 1.053 1.027 21.143 22.446 21.588 19.69 1215.5 1215.5 1081.2 1032.7 240.8911 43.42571 0.23117696313185773 116.0017934668021 110.04642878838875 0.939286645728912 1.0127442652864462 21.143420482495458 0.6494141066870467 0.4602444407613555 0.20923694454264008
20210416 85097 305 242.545 54.957 59321.39215665 sv3 dark dark sv3dark 826.6 1313.5 1200.0 dark 0.9 1.091 0.01 0.851 1415.5 152.7 37.2 101.7 104.7 8479.5 14200.2 2413.8 13249.8 1253.5 1313.5 1187.1 1197.7 1229.3 1267.8 971.1 1.021 0.912 0.652 0.461 0.209 1.092 1.061 1.049 1.089 21.02 22.426 21.554 19.634 1162.2 1162.2 1040.8 1009.2 242.547172 54.960981 0.23218237340778028 117.8230556678464 99.6447198095599 0.9119005813511598 1.0207485281265196 21.019985082023 0.6526326127967084 0.4619889157983554 0.20949331909135416
20210416 85098 360 246.004 43.371 59321.40440125 sv3 dark dark sv3dark 735.6 1290.1 1200.0 dark 0.9 1.024 0.009 0.896 1416.3 150.0 37.0 101.2 114.9 8464.9 14519.1 2449.8 13217.5 1247.7 1290.1 1185.1 1314.1 1256.9 1286.7 968.7 1.051 0.834 0.703 0.493 0.222 1.222 1.172 1.146 1.022 21.052 22.452 21.547 19.587 1231.5 1231.5 1088.8 1125.8 246.005308 43.37273 0.2331268351735356 119.32343578171768 111.32187779139952 0.8343628236943429 1.050865515441795 21.051877651275866 0.7030213409214139 0.4932445258229995 0.22206002022486263
