python/snxform/etc/exposures-fuji-sv3.ecsv
# %ECSV 1.0
# ---
# datatype:
# - {name: NIGHT, datatype: int64}
# - {name: EXPID, datatype: int64}
# - {name: TILEID, datatype: int64}
# - {name: TILERA, datatype: float64}
# - {name: TILEDEC, datatype: float64}
# - {name: MJD, datatype: float64}
# - {name: SURVEY, datatype: string}
# - {name: PROGRAM, datatype: string}
# - {name: FAPRGRM, datatype: string}
# - {name: FAFLAVOR, datatype: string}
# - {name: EXPTIME, datatype: float64}
# - {name: EFFTIME_SPEC, datatype: float64}
# - {name: GOALTIME, datatype: float64}
# - {name: GOALTYPE, datatype: string}
# - {name: MINTFRAC, datatype: float64}
# - {name: AIRMASS, datatype: float64}
# - {name: EBV, datatype: float64}
# - {name: SEEING_ETC, datatype: float64}
# - {name: EFFTIME_ETC, datatype: float64}
# - {name: TSNR2_ELG, datatype: float64}
# - {name: TSNR2_QSO, datatype: float64}
# - {name: TSNR2_LRG, datatype: float64}
# - {name: TSNR2_LYA, datatype: float64}
# - {name: TSNR2_BGS, datatype: float64}
# - {name: TSNR2_GPBDARK, datatype: float64}
# - {name: TSNR2_GPBBRIGHT, datatype: float64}
# - {name: TSNR2_GPBBACKUP, datatype: float64}
# - {name: LRG_EFFTIME_DARK, datatype: float64}
# - {name: ELG_EFFTIME_DARK, datatype: float64}
# - {name: BGS_EFFTIME_BRIGHT, datatype: float64}
# - {name: LYA_EFFTIME_DARK, datatype: float64}
# - {name: GPB_EFFTIME_DARK, datatype: float64}
# - {name: GPB_EFFTIME_BRIGHT, datatype: float64}
# - {name: GPB_EFFTIME_BACKUP, datatype: float64}
# - {name: TRANSPARENCY_GFA, datatype: float64}
# - {name: SEEING_GFA, datatype: float64}
# - {name: FIBER_FRACFLUX_GFA, datatype: float64}
# - {name: FIBER_FRACFLUX_ELG_GFA, datatype: float64}
# - {name: FIBER_FRACFLUX_BGS_GFA, datatype: float64}
# - {name: FIBERFAC_GFA, datatype: float64}
# - {name: FIBERFAC_ELG_GFA, datatype: float64}
# - {name: FIBERFAC_BGS_GFA, datatype: float64}
# - {name: AIRMASS_GFA, datatype: float64}
# - {name: SKY_MAG_AB_GFA, datatype: float64}
# - {name: SKY_MAG_G_SPEC, datatype: float64}
# - {name: SKY_MAG_R_SPEC, datatype: float64}
# - {name: SKY_MAG_Z_SPEC, datatype: float64}
# - {name: EFFTIME_GFA, datatype: float64}
# - {name: EFFTIME_DARK_GFA, datatype: float64}
# - {name: EFFTIME_BRIGHT_GFA, datatype: float64}
# - {name: EFFTIME_BACKUP_GFA, datatype: float64}
# - {name: SKYRA, datatype: float64}
# - {name: SKYDEC, datatype: float64}
# - {name: MOON_ILLUMINATION, datatype: float64}
# - {name: MOON_ZD_DEG, datatype: float64}
# - {name: MOON_SEP_DEG, datatype: float64}
# - {name: FWHM_ASEC, datatype: float64}
# - {name: TRANSPARENCY, datatype: float64}
# - {name: SKY_MAG_AB, datatype: float64}
# - {name: FIBER_FRACFLUX, datatype: float64}
# - {name: FIBER_FRACFLUX_ELG, datatype: float64}
# - {name: FIBER_FRACFLUX_BGS, datatype: float64}
# schema: astropy-2.0
NIGHT EXPID TILEID TILERA TILEDEC MJD SURVEY PROGRAM FAPRGRM FAFLAVOR EXPTIME EFFTIME_SPEC GOALTIME GOALTYPE MINTFRAC AIRMASS EBV SEEING_ETC EFFTIME_ETC TSNR2_ELG TSNR2_QSO TSNR2_LRG TSNR2_LYA TSNR2_BGS TSNR2_GPBDARK TSNR2_GPBBRIGHT TSNR2_GPBBACKUP LRG_EFFTIME_DARK ELG_EFFTIME_DARK BGS_EFFTIME_BRIGHT LYA_EFFTIME_DARK GPB_EFFTIME_DARK GPB_EFFTIME_BRIGHT GPB_EFFTIME_BACKUP TRANSPARENCY_GFA SEEING_GFA FIBER_FRACFLUX_GFA FIBER_FRACFLUX_ELG_GFA FIBER_FRACFLUX_BGS_GFA FIBERFAC_GFA FIBERFAC_ELG_GFA FIBERFAC_BGS_GFA AIRMASS_GFA SKY_MAG_AB_GFA SKY_MAG_G_SPEC SKY_MAG_R_SPEC SKY_MAG_Z_SPEC EFFTIME_GFA EFFTIME_DARK_GFA EFFTIME_BRIGHT_GFA EFFTIME_BACKUP_GFA SKYRA SKYDEC MOON_ILLUMINATION MOON_ZD_DEG MOON_SEP_DEG FWHM_ASEC TRANSPARENCY SKY_MAG_AB FIBER_FRACFLUX FIBER_FRACFLUX_ELG FIBER_FRACFLUX_BGS
[from data line 188]
20210412 84531 358 245.971 43.55 59317.43838997 sv3 dark dark sv3dark 998.4 731.9 1200.0 dark 0.9 1.021 0.01 1.019 810.6 85.1 20.4 57.3 55.8 5005.8 8081.6 1445.8 8572.0 706.7 731.9 700.8 638.5 699.6 759.4 628.2 1.017 1.348 0.417 0.316 0.149 0.698 0.726 0.748 1.022 21.08 22.514 21.667 19.712 760.6 760.6 727.1 543.0 245.971351 43.551771 0.016947266396972166 125.93746445080767 120.26633611625674 1.3486079111214613 1.014903577031136 21.079812830157174 0.4173986896993774 0.3156682938196152 0.14944476013219654
20210412 84532 385 252.593 34.592 59317.4526713 sv3 dark dark sv3dark 984.0 542.8 1200.0 dark 0.9 1.001 0.024 1.174 614.4 63.1 15.0 41.6 41.0 3683.8 5771.9 1054.4 6533.3 512.9 542.8 515.7 468.7 499.7 553.8 478.8 0.981 1.429 0.382 0.292 0.139 0.626 0.655 0.679 1.002 21.004 22.487 21.589 19.594 548.3 548.3 543.5 406.5 252.593051 34.592371 0.01728607482418436 122.96148178349249 124.05718149697508 1.4294084307159194 0.9816627637949246 21.00400644285225 0.3817261467197872 0.29171543280071954 0.1391731217547288
20210412 84533 385 252.593 34.592 59317.46512663 sv3 dark dark sv3dark 909.0 712.3 1200.0 dark 0.9 1.004 0.024 1.174 800.7 82.8 19.8 55.0 57.6 4801.2 7716.5 1380.5 8186.6 677.6 712.3 672.2 659.2 668.0 725.1 600.0 0.967 1.192 0.482 0.356 0.166 0.782 0.792 0.804 1.006 20.973 22.497 21.542 19.549 701.1 701.1 668.4 564.7 252.593051 34.592371 0.017576205856876147 120.2002701802771 124.05718951183165 1.192128937820101 0.9690735660720582 20.973201722266786 0.48148491500004864 0.3555932541846006 0.16594198944975416
20210412 84534 412 269.978 66.085 59317.47892155 sv3 dark dark sv3dark 877.4 630.3 1200.0 dark 0.9 1.212 0.042 1.458 593.0 73.3 17.2 47.7 39.1 4104.8 6376.5 1151.0 7087.1 588.3 630.3 574.7 447.5 552.0 604.5 519.4 1.032 1.306 0.453 0.34 0.16 0.758 0.783 0.802 1.21 20.809 22.278 21.397 19.41 530.5 530.5 531.4 441.3 269.981843 66.091931 0.017908067174020083 117.00659805224052 94.36174270831093 1.3064609698543226 1.0331866627983906 20.809101966077055 0.45322860541864946 0.3400693179978236 0.1600523935601164
20210412 84535 412 269.978 66.085 59317.49016977 sv3 dark dark sv3dark 701.9 413.2 1200.0 dark 0.9 1.208 0.042 1.458 399.7 48.0 11.0 30.5 21.7 2696.7 4151.1 772.9 5127.3 376.3 413.2 377.5 247.9 359.3 406.0 375.8 1.034 1.213 0.491 0.363 0.17 0.819 0.834 0.847 1.208 20.732 21.294 21.084 19.399 368.2 368.2 385.9 370.5 269.981843 66.091931 0.018159079742404202 114.42462165316734 94.3617365207691 1.2128854126574788 1.0319405885010768 20.7317528389673 0.4914247194533722 0.3633617902253101 0.16960555781818137
20210412 84536 412 269.978 66.085 59317.49939291 sv3 dark dark sv3dark 506.2 182.5 1200.0 dark 0.9 1.208 0.042 1.458 139.1 21.2 4.5 11.5 6.0 1060.7 1381.3 272.5 2146.1 141.7 182.5 148.5 69.0 119.6 143.1 157.3 1.041 1.126 0.543 0.395 0.183 0.913 0.916 0.921 1.208 19.656 19.438 19.816 19.08 117.2 117.2 141.2 197.7 269.981843 66.091931 0.018359897335968267 112.31289268111132 94.36172367456298 1.1255845205100268 1.0393955965940236 19.656307806262582 0.5432278204330934 0.39583542479867545 0.1830589912661345
20210413 84629 31 179.49 0.049 59318.15063274 sv3 dark dark sv3dark 1079.0 334.9 1200.0 dark 0.9 1.425 0.024 1.386 349.3 38.9 9.8 27.0 30.8 2488.5 3838.1 724.4 5112.2 332.3 334.9 348.4 352.8 332.3 380.5 374.7 0.759 1.33 0.459 0.346 0.163 0.586 0.603 0.614 1.39 20.927 21.978 21.006 19.205 316.0 316.0 329.7 303.4 179.498071 0.04038 0.03823735051506928 92.73195070680089 133.14634877556918 1.3295523855758316 0.7595084169441786 20.92693664405867 0.4589678554371824 0.3458792673558899 0.16275467160243484
20210413 84630 31 179.49 0.049 59318.16424555 sv3 dark dark sv3dark 981.2 347.7 1200.0 dark 0.9 1.352 0.024 1.386 367.8 40.4 10.0 27.5 29.8 2518.2 3811.8 717.4 5019.2 339.2 347.7 352.6 340.4 330.0 376.8 367.9 0.833 1.354 0.439 0.332 0.157 0.6 0.628 0.648 1.327 20.902 21.975 21.047 19.281 320.5 320.5 342.5 295.7 179.498071 0.04038 0.038702507231744496 96.43933919902949 133.14634449823416 1.3535262624660982 0.8302577948234813 20.902482738270486 0.4402929165575265 0.3328288697719244 0.15701765784866645
20210413 84631 31 179.49 0.049 59318.1766881 sv3 dark dark sv3dark 970.0 223.3 1200.0 dark 0.9 1.298 0.024 1.386 237.8 26.0 6.4 17.6 20.0 1627.9 2418.8 463.3 3414.4 216.7 223.3 227.9 228.7 209.4 243.3 250.2 0.733 1.418 0.415 0.317 0.15 0.488 0.511 0.526 1.279 20.91 21.92 21.006 19.278 204.8 204.8 219.3 191.7 179.498071 0.04038 0.03915497843540307 99.96121045640673 133.1463310153759 1.4179095077430914 0.7330442887699944 20.910263114099312 0.4152112082159438 0.3169463024871447 0.1504813752006891
20210413 84632 31 179.49 0.049 59318.18902622 sv3 dark dark sv3dark 778.8 187.4 1200.0 dark 0.9 1.257 0.024 1.386 206.5 21.8 5.4 14.6 15.3 1357.2 1988.0 381.1 2811.1 180.4 187.4 190.0 174.6 172.1 200.2 206.0 0.782 1.469 0.391 0.301 0.144 0.504 0.538 0.56 1.245 20.983 21.946 21.049 19.316 180.8 180.8 198.1 164.2 179.498071 0.04038 0.03955981940821664 103.03411611561579 133.14635086090243 1.4683701787538428 0.7851634709154136 20.982726285344206 0.390630135315667 0.30074794290544193 0.14351231796793673
20210413 84633 31 179.49 0.049 59318.19918229 sv3 dark dark sv3dark 614.5 217.9 1200.0 dark 0.9 1.23 0.024 1.386 240.0 25.3 6.3 17.1 17.4 1591.4 2386.0 451.4 3191.6 211.4 217.9 222.8 199.0 206.6 237.1 233.9 0.901 1.394 0.422 0.321 0.152 0.625 0.658 0.68 1.223 21.054 22.015 21.156 19.335 216.7 216.7 234.1 202.0 179.498071 0.04038 0.03989940123040276 105.54907620349323 133.14635407492864 1.3939099970843147 0.9009307175568112 21.05418938272456 0.4210777659780831 0.32014548741724014 0.15170364779953804
20210413 84634 43 179.635 -0.115 59318.20871333 sv3 bright bright sv3bright 691.7 171.0 220.0 bright 0.9 1.213 0.024 1.523 244.0 19.2 4.7 13.0 13.3 1221.8 1820.1 348.8 2543.4 160.5 165.2 171.0 152.0 157.6 183.2 186.4 1.005 1.765 0.299 0.24 0.118 0.516 0.565 0.6 1.207 21.081 22.048 21.219 19.329 219.1 194.9 219.1 161.6 179.63765 -0.1217 0.040266027871787104 107.54678138404444 132.65449290859763 1.7644361087934821 1.006100438308724 21.081029023166714 0.29908193645808245 0.23992307399619262 0.11772797773455845
20210413 84635 114 194.85 28.281 59318.21992748 sv3 dark dark sv3dark 1079.0 23.2 1200.0 dark 0.9 1.075 0.01 1.208 26.3 2.7 0.7 1.8 2.3 176.2 252.0 50.7 429.0 22.5 23.2 24.7 25.8 21.8 26.6 31.4 0.299 1.741 0.297 0.237 0.116 0.142 0.155 0.165 1.062 21.084 22.033 21.14 19.396 26.2 26.2 29.6 21.7 194.85428 28.27994 0.04075928553753716 110.8696063570214 128.52412816591902 1.7270253310281538 0.28208074393954574 21.08429982157236 0.3043084274543786 0.24253264440563835 0.11857403394312808
20210413 84639 95 190.141 61.763 59318.25384121 sv3 bright bright sv3bright 822.5 39.4 220.0 bright 0.9 1.157 0.012 1.55 52.1 4.4 1.1 3.0 3.0 281.6 397.1 79.0 654.6 36.6 38.2 39.4 34.6 34.4 41.5 48.0 0.478 1.718 0.297 0.235 0.115 0.22 0.237 0.25 1.155 21.053 22.087 21.17 19.396 48.7 43.8 48.7 37.3 190.144092 61.76867 0.04197235235225645 118.28153609008747 99.13751229959944 1.703962752933749 0.4581567631765815 21.120632089795155 0.29764319406681616 0.23618727753321395 0.11537761593520808
20210413 84643 176 215.642 52.417 59318.32466242 sv3 bright bright sv3bright 824.6 50.6 220.0 bright 0.9 1.072 0.011 1.094 79.9 5.4 1.3 3.7 4.3 361.2 525.7 104.6 840.3 45.9 46.6 50.6 49.6 45.5 54.9 61.6 0.255 1.085 0.55 0.4 0.184 0.228 0.228 0.228 1.07 21.446 22.182 21.345 19.7 46.1 46.6 46.1 44.8 215.64535 52.42038 0.044671624121039505 130.02010662409322 112.98383693457914 1.0830744760399817 0.25423984932190796 21.497626545797665 0.5605961725103878 0.4061415366134471 0.18714436690718678
20210413 84644 176 215.642 52.417 59318.33525802 sv3 bright bright sv3bright 310.2 104.9 220.0 bright 0.9 1.068 0.011 1.094 157.6 11.6 2.8 7.9 6.5 749.0 1066.7 205.5 1478.4 97.3 100.0 104.9 74.7 92.3 107.9 108.3 0.643 1.008 0.592 0.423 0.193 0.621 0.612 0.609 1.068 21.723 22.37 21.542 19.785 95.7 94.2 95.7 104.9 215.64535 52.42038 0.04496733006769764 130.80514576976498 112.98386510940962 1.0079074935463714 0.6413250334903302 21.722898552097575 0.5928307409949136 0.42366491673399165 0.19361787149069967
20210413 84645 212 217.889 34.495 59318.34202412 sv3 backup backup sv3backup 147.0 70.9 30.0 backup 0.9 1.002 0.008 1.076 65.6 7.6 1.8 5.1 3.6 495.1 682.2 131.9 966.8 63.5 65.3 69.3 41.5 59.1 69.3 70.9 0.853 0.926 0.64 0.453 0.206 0.902 0.88 0.869 1.002 21.814 22.463 21.596 19.779 88.2 59.4 65.2 88.2 217.889701 34.495351 0.0451944292532483 131.1148784845869 130.70826522771742 0.9261276288468936 0.8555146498797823 21.814060926604185 0.6381424619519347 0.4516096022143807 0.20512112748197475
20210413 84646 283 217.93 2.424 59318.34697064 sv3 bright bright sv3bright 306.9 242.8 220.0 bright 0.9 1.15 0.038 1.019 247.6 27.9 6.8 18.9 16.4 1734.4 2584.7 477.9 3097.0 232.5 239.6 242.8 187.1 223.8 251.0 227.0 1.006 0.921 0.643 0.456 0.207 1.094 1.065 1.054 1.15 21.59 22.238 21.468 19.725 246.9 240.6 246.9 286.5 217.930508 2.41835 0.04542393115816253 131.5332876089701 161.1640120908398 0.9207670254620763 1.0064737097903427 21.58958025048937 0.6430568305178044 0.45558254298048484 0.20704507467150157
20210413 84647 204 217.732 34.506 59318.35398228 sv3 bright bright sv3bright 578.9 208.1 220.0 bright 0.9 1.001 0.008 0.874 250.2 22.3 5.5 15.8 17.8 1486.6 2208.9 426.8 2892.9 194.8 191.8 208.1 203.6 191.2 224.1 212.0 0.55 0.891 0.669 0.472 0.214 0.606 0.587 0.576 1.001 21.645 22.364 21.572 19.92 211.9 226.7 211.9 220.7 217.73205 34.50636 0.04575903340459563 132.0034287303262 130.59755045438777 0.8911236783232157 0.547909836142506 21.644587815088308 0.6668564977889442 0.4710782245638646 0.2132637362536326
20210413 84648 249 219.914 -0.564 59318.36446911 sv3 dark dark sv3dark 815.3 465.3 1200.0 dark 0.9 1.187 0.044 2.064 273.3 54.1 13.3 36.7 40.2 3330.5 5154.6 945.1 5969.1 452.5 465.3 466.3 460.1 446.2 496.4 437.5 0.913 1.172 0.488 0.36 0.168 0.754 0.763 0.773 1.189 21.694 22.179 21.44 19.79 469.0 469.0 460.5 406.2 219.913801 -0.570499 0.046223337629953044 132.36696872009864 164.57918842215136 1.1720121436243844 0.9143872683703957 21.694302654611448 0.48798528575949995 0.3598228677363535 0.16780015328831377
20210413 84649 249 219.914 -0.564 59318.3750857 sv3 dark dark sv3dark 887.4 639.4 1200.0 dark 0.9 1.193 0.044 2.064 340.6 74.4 18.3 50.2 56.1 4485.7 7029.8 1268.4 7722.7 618.3 639.4 628.0 642.2 608.5 666.2 566.0 0.998 1.158 0.5 0.367 0.171 0.827 0.835 0.845 1.198 20.989 22.186 21.462 19.808 635.3 635.3 613.4 535.3 219.913801 -0.570499 0.04666007787397716 132.4459426395195 164.57918114682698 1.1579572182879527 0.9972001352915123 20.989186249314024 0.5002066588068241 0.3677309485826452 0.17110045257459444
20210413 84650 249 219.914 -0.564 59318.38654238 sv3 dark dark sv3dark 1073.6 1086.1 1200.0 dark 0.9 1.206 0.044 2.064 498.0 126.3 31.1 85.1 100.4 7417.4 11987.6 2104.3 12074.6 1049.6 1086.1 1038.4 1148.5 1037.7 1105.2 884.9 1.008 1.06 0.576 0.415 0.191 0.965 0.957 0.957 1.216 20.997 22.178 21.468 19.84 1063.7 1063.7 980.4 887.2 219.913801 -0.570499 0.047155854882914086 132.16457584673734 164.5792083022556 1.0602448275447491 1.0081264758554354 20.996879053209337 0.5755573955153152 0.4151089563420194 0.19108277868590468
20210413 84651 257 219.88 -0.689 59318.4012609 sv3 bright bright sv3bright 277.7 229.8 220.0 bright 0.9 1.234 0.045 0.899 247.0 26.6 6.5 17.9 14.6 1641.1 2416.0 446.3 2914.3 220.9 229.1 229.8 167.2 209.1 234.4 213.6 1.027 0.9 0.688 0.484 0.219 1.169 1.13 1.113 1.238 21.364 22.159 21.413 19.753 224.2 216.5 224.2 274.4 219.877192 -0.69591 0.047558476411006786 131.5764680362039 164.33418853480134 0.9003499027650342 1.026968553117108 21.364033928159778 0.6893306403519728 0.48486918040034876 0.21924051070079648
20210413 84652 331 241.129 43.556 59318.40806924 sv3 dark dark sv3dark 596.5 1286.5 1200.0 dark 0.9 1.022 0.013 0.825 1412.6 149.6 36.4 100.4 95.2 8264.3 13853.9 2302.0 11999.6 1237.9 1286.5 1157.0 1089.3 1199.3 1209.1 879.4 1.035 0.773 0.75 0.523 0.234 1.311 1.247 1.211 1.021 22.083 22.556 21.812 20.063 1185.0 1185.0 1009.2 1046.9 241.129779 43.55777 0.047905372683578536 130.95876782133007 120.97091132848657 0.7726644172632526 1.034793662568687 22.08338703297997 0.7493836127507618 0.5226668230723117 0.23397354917729518
20210413 84653 304 242.855 55.084 59318.41774908 sv3 dark dark sv3dark 600.7 1219.0 1200.0 dark 0.9 1.087 0.01 0.83 1435.3 141.7 34.5 96.4 88.5 7995.6 13485.0 2257.3 11820.8 1188.1 1219.0 1119.4 1012.5 1167.4 1185.6 866.3 1.083 0.775 0.741 0.516 0.231 1.318 1.257 1.221 1.087 22.054 22.533 21.775 20.002 1193.7 1193.7 1021.7 1061.2 242.855592 55.088041 0.04829368123128305 130.07482594193442 109.52912113660238 0.7754216258542146 1.08359483896268 22.05374997395961 0.7375997776142931 0.5136581676143086 0.22995692438720083
20210413 84654 359 245.716 43.434 59318.42764339 sv3 dark dark sv3dark 638.4 1265.6 1200.0 dark 0.9 1.02 0.01 0.777 1414.1 147.2 36.1 99.5 102.3 8299.0 13994.7 2345.9 12249.7 1226.7 1265.6 1161.9 1170.4 1211.5 1232.1 897.8 1.039 0.825 0.727 0.508 0.228 1.249 1.191 1.162 1.02 22.214 22.538 21.775 19.973 1182.7 1182.7 1013.9 1032.0 245.716279 43.43576 0.048701876506801835 128.94491470027685 120.06103206210122 0.8254477837269953 1.0378379899672328 22.21448215156032 0.7265912713764764 0.5078269351626132 0.22809673500591238
20210413 84655 386 252.354 34.498 59318.43797873 sv3 dark dark sv3dark 719.3 1212.0 1200.0 dark 0.9 1.002 0.025 0.841 1420.7 140.9 34.3 94.6 95.1 7903.7 13170.1 2222.8 11871.9 1166.2 1212.0 1106.5 1088.2 1140.1 1167.5 870.1 1.029 0.908 0.671 0.473 0.214 1.142 1.106 1.088 1.001 22.1 22.505 21.748 19.949 1127.3 1127.3 977.9 937.3 252.354658 34.49835 0.04913833153059157 127.52654637566235 126.0464796360378 0.9079557929900334 1.029060234256525 22.100176413704872 0.6709504774558721 0.4732743602480164 0.21444686292085607
20210413 84656 413 269.446 66.053 59318.44961259 sv3 dark dark sv3dark 782.7 1336.8 1200.0 dark 0.9 1.228 0.039 0.853 1407.6 155.4 37.9 105.1 97.7 8622.7 14516.8 2435.3 12948.4 1296.1 1336.8 1207.2 1117.1 1256.7 1279.1 949.0 1.031 0.837 0.725 0.507 0.228 1.23 1.18 1.154 1.224 21.047 22.362 21.577 19.762 1172.3 1172.3 1027.9 1044.6 269.454071 66.05974 0.04962524335578982 125.71263786290038 93.84001465192367 0.8374678267523334 1.0295695129917528 21.047175376434893 0.7252154935922048 0.5070600498648884 0.2280453070010585
20210413 84657 277 218.061 2.549 59318.46295578 sv3 dark dark sv3dark 668.9 485.1 1200.0 dark 0.9 1.482 0.039 0.931 533.8 56.4 13.6 37.2 32.3 3326.5 5025.2 920.2 5824.3 459.0 485.1 465.7 369.1 435.0 483.3 426.9 1.032 1.154 0.539 0.394 0.182 0.907 0.913 0.92 1.514 20.848 22.056 21.303 19.567 457.4 457.4 458.1 435.5 218.052392 2.54084 0.05014406670514182 123.54274355752094 160.0444934402406 1.1545022307832604 1.0351448224953486 20.84794624418212 0.5358450262913973 0.391560619428327 0.18143231797898646
20210413 84658 277 218.061 2.549 59318.47182544 sv3 dark dark sv3dark 851.7 638.6 1200.0 dark 0.9 1.554 0.039 0.931 670.9 74.3 17.9 49.0 45.7 4338.6 6630.6 1207.4 7588.4 604.2 638.6 607.4 522.8 574.0 634.2 556.2 0.95 1.023 0.609 0.435 0.199 0.899 0.894 0.894 1.601 20.777 21.987 21.208 19.513 553.4 553.4 545.4 537.7 218.052392 2.54084 0.05055112485925175 121.65947875257329 160.0445101928529 1.0225669690853707 0.9531831833147921 20.776794109012535 0.6064533872188094 0.4338958370228484 0.19861402086967056
20210413 84660 195 217.937 34.44 59318.48842579 sv3 dark dark sv3dark 869.0 508.9 1200.0 dark 0.9 1.32 0.008 0.841 547.7 59.2 13.9 37.6 31.8 3413.4 5119.4 959.2 6513.3 463.2 508.9 477.9 364.0 443.2 503.8 477.4 0.817 0.973 0.62 0.442 0.201 0.842 0.819 0.812 1.352 20.873 21.07 20.936 19.513 464.1 464.1 469.0 528.6 217.926279 34.43838 0.05124006748606169 118.28653689318342 129.86271144285988 0.9733311568211032 0.8210302142365773 20.87253715875477 0.6170933872692954 0.43967600439599897 0.2005777993715256
